"idx","dateOf","timeCriterium","highOrLow","swingPrice","swingRange","swingTB","swingCD","keyToMarketData","ticker"
1,#1959-09-30#,5,2,375.31,0,0,0,3,"^DAX"
2,#1959-10-19#,5,1,328.49,-46.82001,12,19,15,"^DAX"
3,#1960-01-04#,5,2,426.08,97.59,50,77,65,"^DAX"
4,#1960-01-20#,5,1,412.21,-13.87,12,16,77,"^DAX"
5,#1960-02-08#,5,2,429.95,17.74002,13,19,90,"^DAX"
6,#1960-03-11#,5,1,394.84,-35.11002,24,32,114,"^DAX"
7,#1960-04-19#,5,2,432.74,37.89999,25,39,139,"^DAX"
8,#1960-04-26#,5,1,426.71,-6.029999,5,7,144,"^DAX"
9,#1960-07-04#,5,2,557.52,130.81,44,69,188,"^DAX"
10,#1960-07-19#,5,1,516.5,-41.02002,11,15,199,"^DAX"
11,#1960-09-06#,5,2,603.79,87.28998,35,49,234,"^DAX"
12,#1960-11-22#,5,1,518.32,-85.46997,54,77,288,"^DAX"
13,#1960-12-02#,5,2,548.33,30.01001,8,10,296,"^DAX"
14,#1960-12-16#,5,1,517.2,-31.13,10,14,306,"^DAX"
15,#1961-01-02#,5,2,536.32,19.12,10,17,316,"^DAX"
16,#1961-01-13#,5,1,514.86,-21.46002,9,11,325,"^DAX"
17,#1961-01-23#,5,2,537.77,22.91003,6,10,331,"^DAX"
18,#1961-02-06#,5,1,508.68,-29.09003,10,14,341,"^DAX"
19,#1961-03-03#,5,2,548.07,39.39001,19,25,360,"^DAX"
20,#1961-03-23#,5,1,515.34,-32.72998,14,20,374,"^DAX"
21,#1961-04-14#,5,2,544.13,28.78998,14,22,388,"^DAX"
22,#1961-04-24#,5,1,533.9,-10.22998,6,10,394,"^DAX"
23,#1961-06-06#,5,2,591.48,57.57996,27,43,421,"^DAX"
24,#1961-07-20#,5,1,498.87,-92.60999,32,44,453,"^DAX"
25,#1961-08-03#,5,2,542.9,44.03003,10,14,463,"^DAX"
26,#1961-09-06#,5,1,455.98,-86.92001,24,34,487,"^DAX"
27,#1961-09-15#,5,2,495.52,39.53998,7,9,494,"^DAX"
28,#1961-09-28#,5,1,477.07,-18.44998,9,13,503,"^DAX"
29,#1961-11-13#,5,2,530.81,53.73999,32,46,535,"^DAX"
30,#1961-12-18#,5,1,485.66,-45.14999,24,35,559,"^DAX"
31,#1962-01-02#,5,2,494.7,9.040009,8,15,567,"^DAX"
32,#1962-01-09#,5,1,473.72,-20.98001,5,7,572,"^DAX"
33,#1962-01-16#,5,2,490.83,17.10999,5,7,577,"^DAX"
34,#1962-02-06#,5,1,470.38,-20.44998,15,21,592,"^DAX"
35,#1962-02-13#,5,2,480.6,10.22,5,7,597,"^DAX"
36,#1962-02-27#,5,1,469.45,-11.14999,10,14,607,"^DAX"
37,#1962-03-06#,5,2,481.24,11.78998,5,7,612,"^DAX"
38,#1962-03-26#,5,1,444.68,-36.56,14,20,626,"^DAX"
39,#1962-04-02#,5,2,470.82,26.14001,5,7,631,"^DAX"
40,#1962-04-11#,5,1,448.95,-21.87,7,9,638,"^DAX"
41,#1962-04-24#,5,2,458.59,9.639984,7,13,645,"^DAX"
42,#1962-08-07#,5,1,342.58,-116.01,70,105,715,"^DAX"
43,#1962-08-16#,5,2,394.21,51.63,7,9,722,"^DAX"
44,#1962-10-12#,5,1,319.86,-74.35001,41,57,763,"^DAX"
45,#1962-11-30#,5,2,404.14,84.28003,34,49,797,"^DAX"
46,#1963-01-15#,5,1,361.85,-42.29001,29,46,826,"^DAX"
47,#1963-01-23#,5,2,373.71,11.85999,6,8,832,"^DAX"
48,#1963-02-25#,5,1,346.67,-27.03998,23,33,855,"^DAX"
49,#1963-03-08#,5,2,364.86,18.18997,9,11,864,"^DAX"
50,#1963-03-18#,5,1,357.09,-7.769989,6,10,870,"^DAX"
51,#1963-05-13#,5,2,442.56,85.47,37,56,907,"^DAX"
52,#1963-05-21#,5,1,417.12,-25.44,6,8,913,"^DAX"
53,#1963-06-04#,5,2,437.5,20.38,8,14,921,"^DAX"
54,#1963-07-02#,5,1,419.98,-17.51999,17,28,938,"^DAX"
55,#1963-07-29#,5,2,435.82,15.84,19,27,957,"^DAX"
56,#1963-08-05#,5,1,430.84,-4.980011,5,7,962,"^DAX"
57,#1963-09-09#,5,2,464.35,33.51001,24,35,986,"^DAX"
58,#1963-11-25#,5,1,420.43,-43.92001,54,77,1040,"^DAX"
59,#1964-02-18#,5,2,482.8,62.37,57,85,1097,"^DAX"
60,#1964-02-25#,5,1,479.67,-3.129974,5,7,1102,"^DAX"
61,#1964-03-16#,5,2,510.69,31.01999,14,20,1116,"^DAX"
62,#1964-03-25#,5,1,497.27,-13.42001,7,9,1123,"^DAX"
63,#1964-04-03#,5,2,515.45,18.18002,5,9,1128,"^DAX"
64,#1964-04-14#,5,1,496.41,-19.04001,7,11,1135,"^DAX"
65,#1964-04-21#,5,2,508.35,11.94,5,7,1140,"^DAX"
66,#1964-06-03#,5,1,467.18,-41.17001,27,43,1167,"^DAX"
67,#1964-07-13#,5,2,499.68,32.5,27,40,1194,"^DAX"
68,#1964-07-22#,5,1,490.24,-9.440002,7,9,1201,"^DAX"
69,#1964-09-02#,5,2,527.39,37.15002,30,42,1231,"^DAX"
70,#1964-11-25#,5,1,463.98,-63.41,59,84,1290,"^DAX"
71,#1964-12-08#,5,2,481.05,17.06998,8,13,1298,"^DAX"
72,#1964-12-16#,5,1,474.36,-6.690002,6,8,1304,"^DAX"
73,#1965-01-08#,5,2,491.61,17.25,14,23,1318,"^DAX"
74,#1965-01-20#,5,1,475.66,-15.94998,8,12,1326,"^DAX"
75,#1965-01-29#,5,2,489.05,13.38998,7,9,1333,"^DAX"
76,#1965-03-30#,5,1,449.25,-39.79999,42,60,1375,"^DAX"
77,#1965-04-12#,5,2,466.95,17.70001,9,13,1384,"^DAX"
78,#1965-04-26#,5,1,454.9,-12.05002,8,14,1392,"^DAX"
79,#1965-06-01#,5,2,467.48,12.58002,25,36,1417,"^DAX"
80,#1965-06-28#,5,1,423.48,-44,17,27,1434,"^DAX"
81,#1965-08-11#,5,2,469.11,45.62997,31,44,1465,"^DAX"
82,#1965-08-23#,5,1,457.25,-11.85999,8,12,1473,"^DAX"
83,#1965-09-20#,5,2,475.73,18.48001,19,28,1492,"^DAX"
84,#1965-10-12#,5,1,449.07,-26.66,16,22,1508,"^DAX"
85,#1965-10-19#,5,2,454.2,5.130005,5,7,1513,"^DAX"
86,#1966-01-04#,5,1,418.34,-35.86002,51,77,1564,"^DAX"
87,#1966-01-14#,5,2,448.92,30.58002,8,10,1572,"^DAX"
88,#1966-02-09#,5,1,435.45,-13.47,18,26,1590,"^DAX"
89,#1966-02-21#,5,2,453.38,17.92999,8,12,1598,"^DAX"
90,#1966-07-29#,5,1,338.68,-114.7,106,158,1704,"^DAX"
91,#1966-08-11#,5,2,368.91,30.23001,9,13,1713,"^DAX"
92,#1966-08-29#,5,1,351.84,-17.07001,12,18,1725,"^DAX"
93,#1966-09-21#,5,2,379.55,27.70999,17,23,1742,"^DAX"
94,#1966-11-22#,5,1,324.99,-54.56,43,62,1785,"^DAX"
95,#1966-12-06#,5,2,355.49,30.5,10,14,1795,"^DAX"
96,#1966-12-19#,5,1,330.49,-25,9,13,1804,"^DAX"
97,#1967-01-03#,5,2,342.06,11.57001,10,15,1814,"^DAX"
98,#1967-01-18#,5,1,319.93,-22.13,11,15,1825,"^DAX"
99,#1967-03-31#,5,2,388.37,68.44,49,72,1874,"^DAX"
100,#1967-04-26#,5,1,362.37,-26,18,26,1892,"^DAX"
101,#1967-05-18#,5,2,379.37,17,13,22,1905,"^DAX"
102,#1967-06-05#,5,1,361.51,-17.85999,11,18,1916,"^DAX"
103,#1967-06-13#,5,2,374.57,13.06,6,8,1922,"^DAX"
104,#1967-07-03#,5,1,360.81,-13.76001,14,20,1936,"^DAX"
105,#1967-08-21#,5,2,441.03,80.22,35,49,1971,"^DAX"
106,#1967-08-28#,5,1,426.34,-14.69,5,7,1976,"^DAX"
107,#1967-09-18#,5,2,464.46,38.12,15,21,1991,"^DAX"
108,#1967-10-02#,5,1,434.19,-30.26999,10,14,2001,"^DAX"
109,#1967-12-07#,5,2,489.79,55.60001,47,66,2048,"^DAX"
110,#1967-12-19#,5,1,477.48,-12.31,8,12,2056,"^DAX"
111,#1968-01-22#,5,2,547.25,69.76999,21,34,2077,"^DAX"
112,#1968-02-01#,5,1,522.56,-24.69,8,10,2085,"^DAX"
113,#1968-02-09#,5,2,533.72,11.15997,6,8,2091,"^DAX"
114,#1968-03-06#,5,1,513.56,-20.15997,18,26,2109,"^DAX"
115,#1968-05-07#,5,2,575.19,61.63,41,62,2150,"^DAX"
116,#1968-05-28#,5,1,551.42,-23.77002,14,21,2164,"^DAX"
117,#1968-07-09#,5,2,598.84,47.42004,27,42,2191,"^DAX"
118,#1968-07-26#,5,1,570.16,-28.68005,13,17,2204,"^DAX"
119,#1968-08-16#,5,2,603.19,33.03003,15,21,2219,"^DAX"
120,#1968-09-03#,5,1,575.63,-27.56,12,18,2231,"^DAX"
121,#1968-09-10#,5,2,585.86,10.22998,5,7,2236,"^DAX"
122,#1968-09-27#,5,1,566.59,-19.26996,13,17,2249,"^DAX"
123,#1968-10-18#,5,2,590.84,24.25,15,21,2264,"^DAX"
124,#1968-12-03#,5,1,536.95,-53.89001,31,46,2295,"^DAX"
125,#1968-12-10#,5,2,566.3,29.34998,5,7,2300,"^DAX"
126,#1968-12-17#,5,1,545.69,-20.60999,5,7,2305,"^DAX"
127,#1969-01-31#,5,2,591.4,45.71002,29,45,2334,"^DAX"
128,#1969-02-17#,5,1,568.04,-23.36005,11,17,2345,"^DAX"
129,#1969-02-24#,5,2,586.64,18.60004,5,7,2350,"^DAX"
130,#1969-03-10#,5,1,567.19,-19.45001,10,14,2360,"^DAX"
131,#1969-04-08#,5,2,592.33,25.14001,19,29,2379,"^DAX"
132,#1969-04-23#,5,1,565.96,-26.37,11,15,2390,"^DAX"
133,#1969-06-09#,5,2,639.31,73.34998,29,47,2419,"^DAX"
134,#1969-07-14#,5,1,548.41,-90.90002,24,35,2443,"^DAX"
135,#1969-07-22#,5,2,572.88,24.47003,6,8,2449,"^DAX"
136,#1969-07-29#,5,1,560.9,-11.97998,5,7,2454,"^DAX"
137,#1969-09-02#,5,2,620,59.09998,25,35,2479,"^DAX"
138,#1969-09-15#,5,1,593.89,-26.10999,9,13,2488,"^DAX"
139,#1969-10-07#,5,2,633.99,40.09998,16,22,2504,"^DAX"
140,#1969-10-15#,5,1,615.47,-18.52002,6,8,2510,"^DAX"
141,#1969-11-17#,5,2,659.2,43.73004,23,33,2533,"^DAX"
142,#1969-12-22#,5,1,614.94,-44.26001,23,35,2556,"^DAX"
143,#1970-01-02#,5,2,629.1,14.15997,5,11,2561,"^DAX"
144,#1970-01-19#,5,1,579.8,-49.29999,11,17,2572,"^DAX"
145,#1970-01-28#,5,2,593.3,13.5,7,9,2579,"^DAX"
146,#1970-03-03#,5,1,549.4,-43.89996,24,34,2603,"^DAX"
147,#1970-03-13#,5,2,575.3,25.89996,8,10,2611,"^DAX"
148,#1970-03-23#,5,1,557.4,-17.89996,6,10,2617,"^DAX"
149,#1970-04-08#,5,2,582.7,25.29999,10,16,2627,"^DAX"
150,#1970-05-27#,5,1,444.6,-138.1,32,49,2659,"^DAX"
151,#1970-06-04#,5,2,498.2,53.60001,5,8,2664,"^DAX"
152,#1970-07-07#,5,1,455.9,-42.30002,22,33,2686,"^DAX"
153,#1970-08-12#,5,2,513.7,57.80002,26,36,2712,"^DAX"
154,#1970-09-17#,5,1,473.7,-40,26,36,2738,"^DAX"
155,#1970-09-28#,5,2,490.1,16.39999,7,11,2745,"^DAX"
156,#1970-10-13#,5,1,466.5,-23.60001,11,15,2756,"^DAX"
157,#1970-10-26#,5,2,491.4,24.89999,9,13,2765,"^DAX"
158,#1970-11-23#,5,1,445.8,-45.60001,19,28,2784,"^DAX"
159,#1970-12-01#,5,2,461.7,15.90002,6,8,2790,"^DAX"
160,#1970-12-31#,5,1,443.9,-17.80002,20,30,2810,"^DAX"
161,#1971-02-22#,5,2,542.2,98.30002,36,53,2846,"^DAX"
162,#1971-03-23#,5,1,523.8,-18.40002,21,29,2867,"^DAX"
163,#1971-04-01#,5,2,541.6,17.79999,7,9,2874,"^DAX"
164,#1971-05-10#,5,1,491.3,-50.29999,25,39,2899,"^DAX"
165,#1971-06-01#,5,2,518.2,26.90002,14,22,2913,"^DAX"
166,#1971-06-09#,5,1,499.3,-18.90002,6,8,2919,"^DAX"
167,#1971-08-04#,5,2,526.4,27.10004,38,56,2957,"^DAX"
168,#1971-08-17#,5,1,497.3,-29.10004,9,13,2966,"^DAX"
169,#1971-08-24#,5,2,511.5,14.20001,5,7,2971,"^DAX"
170,#1971-09-22#,5,1,455.4,-56.10001,21,29,2992,"^DAX"
171,#1971-10-01#,5,2,485.1,29.70001,7,9,2999,"^DAX"
172,#1971-11-05#,5,1,423.8,-61.30002,25,35,3024,"^DAX"
173,#1972-02-29#,5,2,544,120.2,80,116,3104,"^DAX"
174,#1972-03-08#,5,1,515.7,-28.29999,6,8,3110,"^DAX"
175,#1972-04-13#,5,2,563.1,47.39996,24,36,3134,"^DAX"
176,#1972-04-25#,5,1,536.5,-26.59998,8,12,3142,"^DAX"
177,#1972-05-17#,5,2,586.5,50,15,22,3157,"^DAX"
178,#1972-06-26#,5,1,533.2,-53.29999,26,40,3183,"^DAX"
179,#1972-08-10#,5,2,596.9,63.70001,33,45,3216,"^DAX"
180,#1972-10-25#,5,1,532.2,-64.70001,54,76,3270,"^DAX"
181,#1972-11-17#,5,2,562.8,30.59998,17,23,3287,"^DAX"
182,#1972-12-18#,5,1,527.7,-35.09998,20,31,3307,"^DAX"
183,#1973-01-24#,5,2,573.5,45.79999,24,37,3331,"^DAX"
184,#1973-02-05#,5,1,533.8,-39.70001,8,12,3339,"^DAX"
185,#1973-03-23#,5,2,581,47.20001,34,46,3373,"^DAX"
186,#1973-04-04#,5,1,560.8,-20.20001,8,12,3381,"^DAX"
187,#1973-04-12#,5,2,568.2,7.400024,6,8,3387,"^DAX"
188,#1973-06-01#,5,1,477.5,-90.70001,32,50,3419,"^DAX"
189,#1973-06-22#,5,2,503.3,25.79999,13,21,3432,"^DAX"
190,#1973-07-26#,5,1,428.6,-74.69998,24,34,3456,"^DAX"
191,#1973-08-03#,5,2,462.9,34.29999,6,8,3462,"^DAX"
192,#1973-08-27#,5,1,441.1,-21.79999,16,24,3478,"^DAX"
193,#1973-09-04#,5,2,457.3,16.19998,6,8,3484,"^DAX"
194,#1973-09-24#,5,1,431,-26.29999,14,20,3498,"^DAX"
195,#1973-10-26#,5,2,476.9,45.89999,24,32,3522,"^DAX"
196,#1973-11-27#,5,1,395.9,-81,21,32,3543,"^DAX"
197,#1973-12-04#,5,2,417,21.10001,5,7,3548,"^DAX"
198,#1973-12-20#,5,1,386.3,-30.70001,12,16,3560,"^DAX"
199,#1974-02-01#,5,2,436.4,50.10001,27,43,3587,"^DAX"
200,#1974-03-05#,5,1,394.2,-42.19998,22,32,3609,"^DAX"
201,#1974-05-07#,5,2,429.8,35.59998,42,63,3651,"^DAX"
202,#1974-05-30#,5,1,408.5,-21.29999,16,23,3667,"^DAX"
203,#1974-06-11#,5,2,416.2,7.700012,7,12,3674,"^DAX"
204,#1974-07-08#,5,1,390.5,-25.70001,17,27,3691,"^DAX"
205,#1974-08-13#,5,2,420.3,29.79999,26,36,3717,"^DAX"
206,#1974-09-16#,5,1,374.1,-46.19998,24,34,3741,"^DAX"
207,#1974-09-24#,5,2,394.4,20.29999,6,8,3747,"^DAX"
208,#1974-10-04#,5,1,372.8,-21.60001,8,10,3755,"^DAX"
209,#1974-12-09#,5,2,412.7,39.90002,45,66,3800,"^DAX"
210,#1974-12-23#,5,1,399.1,-13.60001,10,14,3810,"^DAX"
211,#1975-03-11#,5,2,506.6,107.5,51,78,3861,"^DAX"
212,#1975-03-20#,5,1,481.8,-24.80002,7,9,3868,"^DAX"
213,#1975-04-11#,5,2,530.3,48.5,14,22,3882,"^DAX"
214,#1975-04-28#,5,1,511.3,-19,11,17,3893,"^DAX"
215,#1975-05-06#,5,2,521.2,9.900024,5,8,3898,"^DAX"
216,#1975-05-28#,5,1,467,-54.20001,14,22,3912,"^DAX"
217,#1975-07-16#,5,2,522.4,55.40002,33,49,3945,"^DAX"
218,#1975-07-23#,5,1,508.3,-14.10004,5,7,3950,"^DAX"
219,#1975-07-31#,5,2,531.9,23.60004,6,8,3956,"^DAX"
220,#1975-09-01#,5,1,496.4,-35.50003,22,32,3978,"^DAX"
221,#1975-09-08#,5,2,512.1,15.69998,5,7,3983,"^DAX"
222,#1975-09-30#,5,1,491.6,-20.49997,16,22,3999,"^DAX"
223,#1975-12-01#,5,2,562.3,70.69998,43,62,4042,"^DAX"
224,#1975-12-15#,5,1,541.1,-21.20001,10,14,4052,"^DAX"
225,#1976-01-05#,5,2,578.2,37.10004,10,21,4062,"^DAX"
226,#1976-01-21#,5,1,559.2,-19,12,16,4074,"^DAX"
227,#1976-02-06#,5,2,577.7,18.5,12,16,4086,"^DAX"
228,#1976-02-13#,5,1,568.6,-9.100037,5,7,4091,"^DAX"
229,#1976-03-17#,5,2,593.8,25.20001,23,33,4114,"^DAX"
230,#1976-05-25#,5,1,526.2,-67.59998,47,69,4161,"^DAX"
231,#1976-06-24#,5,2,547.5,21.29999,19,30,4180,"^DAX"
232,#1976-07-13#,5,1,528.8,-18.70001,13,19,4193,"^DAX"
233,#1976-07-22#,5,2,545.5,16.70001,7,9,4200,"^DAX"
234,#1976-08-09#,5,1,523.5,-22,12,18,4212,"^DAX"
235,#1976-08-18#,5,2,542.3,18.79999,7,9,4219,"^DAX"
236,#1976-08-27#,5,1,525.9,-16.39996,7,9,4226,"^DAX"
237,#1976-09-08#,5,2,539.4,13.5,8,12,4234,"^DAX"
238,#1976-10-28#,5,1,486.7,-52.70001,36,50,4270,"^DAX"
239,#1976-11-05#,5,2,510.3,23.59998,6,8,4276,"^DAX"
240,#1976-11-15#,5,1,498,-12.29999,6,10,4282,"^DAX"
241,#1976-11-29#,5,2,515.6,17.59998,9,14,4291,"^DAX"
242,#1976-12-21#,5,1,502.5,-13.09998,16,22,4307,"^DAX"
243,#1977-01-10#,5,2,526.6,24.09998,12,20,4319,"^DAX"
244,#1977-01-24#,5,1,506.2,-20.39996,10,14,4329,"^DAX"
245,#1977-02-02#,5,2,519.2,13,7,9,4336,"^DAX"
246,#1977-03-10#,5,1,491.4,-27.80002,26,36,4362,"^DAX"
247,#1977-05-03#,5,2,554.1,62.69998,36,54,4398,"^DAX"
248,#1977-05-16#,5,1,535.4,-18.69995,9,13,4407,"^DAX"
249,#1977-05-27#,5,2,544.4,9,8,11,4415,"^DAX"
250,#1977-06-29#,5,1,524.7,-19.70001,20,33,4435,"^DAX"
251,#1977-08-18#,5,2,554.1,29.39996,36,50,4471,"^DAX"
252,#1977-09-22#,5,1,533.6,-20.5,25,35,4496,"^DAX"
253,#1977-10-18#,5,2,554.2,20.60004,18,26,4514,"^DAX"
254,#1977-10-26#,5,1,546.9,-7.299988,6,8,4520,"^DAX"
255,#1977-11-18#,5,2,567.6,20.69995,16,23,4536,"^DAX"
256,#1977-12-20#,5,1,538,-29.59998,22,32,4558,"^DAX"
257,#1978-01-17#,5,2,562.7,24.70001,18,28,4576,"^DAX"
258,#1978-01-31#,5,1,549.4,-13.29999,10,14,4586,"^DAX"
259,#1978-02-10#,5,2,563.1,13.69995,8,10,4594,"^DAX"
260,#1978-03-01#,5,1,551,-12.09998,13,19,4607,"^DAX"
261,#1978-04-05#,5,2,556.7,5.700012,23,35,4630,"^DAX"
262,#1978-04-25#,5,1,530,-26.70001,14,20,4644,"^DAX"
263,#1978-06-07#,5,2,561.4,31.40002,27,43,4671,"^DAX"
264,#1978-06-26#,5,1,548.4,-13,13,19,4684,"^DAX"
265,#1978-07-28#,5,2,582.4,34,24,32,4708,"^DAX"
266,#1978-08-07#,5,1,568.3,-14.10004,6,10,4714,"^DAX"
267,#1978-08-23#,5,2,585.6,17.29999,12,16,4726,"^DAX"
268,#1978-08-30#,5,1,578.1,-7.5,5,7,4731,"^DAX"
269,#1978-09-11#,5,2,594,15.90002,8,12,4739,"^DAX"
270,#1978-09-21#,5,1,585.1,-8.900024,8,10,4747,"^DAX"
271,#1978-10-19#,5,2,611.7,26.60004,20,28,4767,"^DAX"
272,#1978-11-09#,5,1,580.2,-31.5,15,21,4782,"^DAX"
273,#1978-11-16#,5,2,590.2,10,5,7,4787,"^DAX"
274,#1978-11-29#,5,1,578.8,-11.40002,8,13,4795,"^DAX"
275,#1978-12-06#,5,2,592.8,14,5,7,4800,"^DAX"
276,#1978-12-18#,5,1,572.7,-20.09998,8,12,4808,"^DAX"
277,#1979-01-16#,5,2,593.3,20.59998,17,29,4825,"^DAX"
278,#1979-02-12#,5,1,557.4,-35.89996,19,27,4844,"^DAX"
279,#1979-03-08#,5,2,567.9,10.5,18,24,4862,"^DAX"
280,#1979-03-26#,5,1,546.5,-21.40002,12,18,4874,"^DAX"
281,#1979-04-24#,5,2,560.6,14.09998,19,29,4893,"^DAX"
282,#1979-06-07#,5,1,508,-52.59998,29,44,4922,"^DAX"
283,#1979-08-03#,5,2,541.8,33.79999,40,57,4962,"^DAX"
284,#1979-08-27#,5,1,528,-13.79999,16,24,4978,"^DAX"
285,#1979-09-12#,5,2,545.6,17.59998,12,16,4990,"^DAX"
286,#1979-11-14#,5,1,492.2,-53.39996,45,63,5035,"^DAX"
287,#1979-11-27#,5,2,515.3,23.09998,8,13,5043,"^DAX"
288,#1980-01-21#,5,1,483.1,-32.19998,34,55,5077,"^DAX"
289,#1980-02-25#,5,2,535.2,52.10001,25,35,5102,"^DAX"
290,#1980-03-28#,5,1,473.9,-61.30002,24,32,5126,"^DAX"
291,#1980-04-21#,5,2,501.8,27.89999,14,24,5140,"^DAX"
292,#1980-05-05#,5,1,489.2,-12.59998,9,14,5149,"^DAX"
293,#1980-05-13#,5,2,503.4,14.19998,6,8,5155,"^DAX"
294,#1980-05-21#,5,1,497,-6.399994,5,8,5160,"^DAX"
295,#1980-07-03#,5,2,530.2,33.20001,28,43,5188,"^DAX"
296,#1980-07-14#,5,1,513.2,-17,7,11,5195,"^DAX"
297,#1980-07-22#,5,2,530.3,17.09998,6,8,5201,"^DAX"
298,#1980-07-29#,5,1,519.7,-10.59998,5,7,5206,"^DAX"
299,#1980-08-11#,5,2,531.6,11.89996,9,13,5215,"^DAX"
300,#1980-09-15#,5,1,505.7,-25.89996,25,35,5240,"^DAX"
301,#1980-10-07#,5,2,522.9,17.20001,16,22,5256,"^DAX"
302,#1980-11-10#,5,1,475.8,-47.10004,24,34,5280,"^DAX"
303,#1980-12-03#,5,2,502.6,26.80002,16,23,5296,"^DAX"
304,#1980-12-19#,5,1,476.8,-25.80002,12,16,5308,"^DAX"
305,#1981-01-06#,5,2,495,18.20001,7,18,5315,"^DAX"
306,#1981-02-09#,5,1,468.3,-26.70001,24,34,5339,"^DAX"
307,#1981-02-23#,5,2,480.9,12.60001,10,14,5349,"^DAX"
308,#1981-03-06#,5,1,473.3,-7.600006,9,11,5358,"^DAX"
309,#1981-03-18#,5,2,489.3,16,8,12,5366,"^DAX"
310,#1981-03-27#,5,1,481.7,-7.599976,7,9,5373,"^DAX"
311,#1981-04-27#,5,2,517.3,35.59998,19,31,5392,"^DAX"
312,#1981-05-05#,5,1,496.8,-20.5,5,8,5397,"^DAX"
313,#1981-05-15#,5,2,509.5,12.70001,8,10,5405,"^DAX"
314,#1981-05-27#,5,1,496,-13.5,8,12,5413,"^DAX"
315,#1981-07-03#,5,2,543.6,47.59998,23,37,5436,"^DAX"
316,#1981-07-20#,5,1,531.9,-11.69995,11,17,5447,"^DAX"
317,#1981-07-27#,5,2,548.2,16.29999,5,7,5452,"^DAX"
318,#1981-08-10#,5,1,537.7,-10.5,10,14,5462,"^DAX"
319,#1981-08-19#,5,2,547.9,10.20001,7,9,5469,"^DAX"
320,#1981-09-28#,5,1,488.1,-59.80002,28,40,5497,"^DAX"
321,#1981-10-09#,5,2,517,28.89999,9,11,5506,"^DAX"
322,#1981-10-26#,5,1,489.9,-27.10001,11,17,5517,"^DAX"
323,#1981-11-05#,5,2,509.6,19.70001,8,10,5525,"^DAX"
324,#1981-11-24#,5,1,490,-19.60001,12,19,5537,"^DAX"
325,#1981-12-07#,5,2,513.3,23.29999,9,13,5546,"^DAX"
326,#1981-12-18#,5,1,488.7,-24.59998,9,11,5555,"^DAX"
327,#1982-01-04#,5,2,497.1,8.399994,7,17,5562,"^DAX"
328,#1982-01-18#,5,1,486.1,-11,10,14,5572,"^DAX"
329,#1982-03-04#,5,2,524.3,38.19998,33,45,5605,"^DAX"
330,#1982-03-15#,5,1,514.4,-9.899963,7,11,5612,"^DAX"
331,#1982-04-05#,5,2,532.9,18.5,15,21,5627,"^DAX"
332,#1982-04-15#,5,1,517.7,-15.20001,6,10,5633,"^DAX"
333,#1982-04-23#,5,2,528.3,10.59998,6,8,5639,"^DAX"
334,#1982-05-10#,5,1,506.2,-22.09998,11,17,5650,"^DAX"
335,#1982-06-01#,5,2,512.8,6.599976,14,22,5664,"^DAX"
336,#1982-06-23#,5,1,491.8,-21,14,22,5678,"^DAX"
337,#1982-08-04#,5,2,516,24.20001,30,42,5708,"^DAX"
338,#1982-08-17#,5,1,476.6,-39.39999,9,13,5717,"^DAX"
339,#1982-10-12#,5,2,535.4,58.80002,40,56,5757,"^DAX"
340,#1982-11-01#,5,1,511.5,-23.90002,14,20,5771,"^DAX"
341,#1982-11-22#,5,2,532.1,20.59998,14,21,5785,"^DAX"
342,#1982-11-30#,5,1,518.5,-13.59998,6,8,5791,"^DAX"
343,#1982-12-08#,5,2,550.9,32.40002,6,8,5797,"^DAX"
344,#1982-12-16#,5,1,537,-13.90002,6,8,5803,"^DAX"
345,#1983-01-05#,5,2,561.5,24.5,12,20,5815,"^DAX"
346,#1983-01-24#,5,1,530,-31.5,13,19,5828,"^DAX"
347,#1983-04-06#,5,2,674.4,144.4,50,72,5878,"^DAX"
348,#1983-04-13#,5,1,656.8,-17.60004,5,7,5883,"^DAX"
349,#1983-04-27#,5,2,710,53.20001,10,14,5893,"^DAX"
350,#1983-06-01#,5,1,664.3,-45.70001,23,35,5916,"^DAX"
351,#1983-07-07#,5,2,749.1,84.79999,24,36,5940,"^DAX"
352,#1983-08-30#,5,1,696,-53.09998,38,54,5978,"^DAX"
353,#1983-09-08#,5,2,714.7,18.70001,7,9,5985,"^DAX"
354,#1983-09-16#,5,1,702.6,-12.10004,6,8,5991,"^DAX"
355,#1983-10-25#,5,2,760.6,58,27,39,6018,"^DAX"
356,#1983-11-04#,5,1,731.2,-29.39996,8,10,6026,"^DAX"
357,#1983-12-02#,5,2,764.2,33,19,28,6045,"^DAX"
358,#1983-12-15#,5,1,746.7,-17.5,9,13,6054,"^DAX"
359,#1984-01-06#,5,2,800.7,54,14,22,6068,"^DAX"
360,#1984-01-13#,5,1,787.9,-12.79999,5,7,6073,"^DAX"
361,#1984-02-03#,5,2,818.5,30.59998,15,21,6088,"^DAX"
362,#1984-03-12#,5,1,750,-68.5,26,38,6114,"^DAX"
363,#1984-05-04#,5,2,785.5,35.5,36,53,6150,"^DAX"
364,#1984-05-14#,5,1,748.9,-36.59998,6,10,6156,"^DAX"
365,#1984-05-22#,5,2,763.2,14.29999,6,8,6162,"^DAX"
366,#1984-05-30#,5,1,739.6,-23.60004,6,8,6168,"^DAX"
367,#1984-06-08#,5,2,757.4,17.80005,6,9,6174,"^DAX"
368,#1984-06-18#,5,1,736.3,-21.10004,5,10,6179,"^DAX"
369,#1984-06-29#,5,2,763.3,27,8,11,6187,"^DAX"
370,#1984-07-23#,5,1,692.7,-70.59998,16,24,6203,"^DAX"
371,#1984-08-10#,5,2,756.4,63.70001,14,18,6217,"^DAX"
372,#1984-08-28#,5,1,742.8,-13.60004,12,18,6229,"^DAX"
373,#1984-10-19#,5,2,815.9,73.10004,38,52,6267,"^DAX"
374,#1984-10-29#,5,1,789.2,-26.70001,6,10,6273,"^DAX"
375,#1984-11-07#,5,2,811.6,22.39996,7,9,6280,"^DAX"
376,#1984-11-19#,5,1,795.7,-15.89996,8,12,6288,"^DAX"
377,#1984-12-04#,5,2,819.7,24,10,15,6298,"^DAX"
378,#1984-12-17#,5,1,800.4,-19.29999,9,13,6307,"^DAX"
379,#1985-01-18#,5,2,850.1,49.69995,19,32,6326,"^DAX"
380,#1985-02-04#,5,1,820.3,-29.79999,11,17,6337,"^DAX"
381,#1985-03-21#,5,2,893.7,73.40002,33,45,6370,"^DAX"
382,#1985-03-29#,5,1,858.9,-34.79999,6,8,6376,"^DAX"
383,#1985-04-22#,5,2,889.7,30.79999,14,24,6390,"^DAX"
384,#1985-05-02#,5,1,865.2,-24.5,7,10,6397,"^DAX"
385,#1985-07-05#,5,2,1074.9,209.7,42,64,6439,"^DAX"
386,#1985-07-30#,5,1,984,-90.90002,17,25,6456,"^DAX"
387,#1985-11-01#,5,2,1301.3,317.3,68,94,6524,"^DAX"
388,#1985-11-14#,5,1,1235.3,-66,9,13,6533,"^DAX"
389,#1985-11-25#,5,2,1304.5,69.19995,6,11,6539,"^DAX"
390,#1985-12-02#,5,1,1235.1,-69.40002,5,7,6544,"^DAX"
391,#1986-01-15#,5,2,1507.8,272.7001,27,44,6571,"^DAX"
392,#1986-01-30#,5,1,1380.1,-127.7001,11,15,6582,"^DAX"
393,#1986-02-11#,5,2,1444.2,64.09998,8,12,6590,"^DAX"
394,#1986-02-27#,5,1,1323.9,-120.2999,12,16,6602,"^DAX"
395,#1986-04-17#,5,2,1586,262.1,33,49,6635,"^DAX"
396,#1986-06-03#,5,1,1329.3,-256.7,29,47,6664,"^DAX"
397,#1986-06-16#,5,2,1449.3,120,9,13,6673,"^DAX"
398,#1986-07-07#,5,1,1284.5,-164.8,14,21,6687,"^DAX"
399,#1986-07-14#,5,2,1342.2,57.69995,5,7,6692,"^DAX"
400,#1986-07-22#,5,1,1248.6,-93.59998,6,8,6698,"^DAX"
401,#1986-09-02#,5,2,1506,257.4,30,42,6728,"^DAX"
402,#1986-09-18#,5,1,1398,-108,12,16,6740,"^DAX"
403,#1986-10-07#,5,2,1454.6,56.59998,13,19,6753,"^DAX"
404,#1986-10-29#,5,1,1384.1,-70.5,16,22,6769,"^DAX"
405,#1986-12-03#,5,2,1470.4,86.30005,24,35,6793,"^DAX"
406,#1987-02-04#,5,1,1216.3,-254.1,40,63,6833,"^DAX"
407,#1987-02-13#,5,2,1277.5,61.19995,7,9,6840,"^DAX"
408,#1987-03-19#,5,1,1179.8,-97.69995,24,34,6864,"^DAX"
409,#1987-04-06#,5,2,1358.2,178.3999,12,18,6876,"^DAX"
410,#1987-04-13#,5,1,1282.2,-76,5,7,6881,"^DAX"
411,#1987-04-22#,5,2,1343.7,61.5,5,9,6886,"^DAX"
412,#1987-05-20#,5,1,1271,-72.69995,19,28,6905,"^DAX"
413,#1987-06-01#,5,2,1328.9,57.90002,7,12,6912,"^DAX"
414,#1987-06-09#,5,1,1302.5,-26.40002,5,8,6917,"^DAX"
415,#1987-08-17#,5,2,1570.3,267.8,47,69,6964,"^DAX"
416,#1987-08-25#,5,1,1529.6,-40.70007,6,8,6970,"^DAX"
417,#1987-09-01#,5,2,1547.7,18.09998,5,7,6975,"^DAX"
418,#1988-01-28#,5,1,931.18,-616.52,102,149,7077,"^DAX"
419,#1988-02-25#,5,2,1096.05,164.8701,20,28,7097,"^DAX"
420,#1988-03-08#,5,1,1072.78,-23.27002,8,12,7105,"^DAX"
421,#1988-03-18#,5,2,1122.07,49.28992,8,10,7113,"^DAX"
422,#1988-03-28#,5,1,1044.28,-77.78992,6,10,7119,"^DAX"
423,#1988-04-14#,5,2,1097.94,53.65991,11,17,7130,"^DAX"
424,#1988-05-11#,5,1,1002.41,-95.52997,19,27,7149,"^DAX"
425,#1988-07-06#,5,2,1199.96,197.55,36,56,7185,"^DAX"
426,#1988-07-22#,5,1,1153.77,-46.18994,12,16,7197,"^DAX"
427,#1988-08-08#,5,2,1198.76,44.98999,11,17,7208,"^DAX"
428,#1988-08-29#,5,1,1152.38,-46.38,15,21,7223,"^DAX"
429,#1988-09-21#,5,2,1260.99,108.61,17,23,7240,"^DAX"
430,#1988-09-28#,5,1,1239.16,-21.82996,5,7,7245,"^DAX"
431,#1988-10-28#,5,2,1314.98,75.81995,22,30,7267,"^DAX"
432,#1988-11-11#,5,1,1252.18,-62.79993,10,14,7277,"^DAX"
433,#1988-11-21#,5,2,1284.16,31.97998,6,10,7283,"^DAX"
434,#1988-11-28#,5,1,1259.13,-25.03003,5,7,7288,"^DAX"
435,#1989-01-05#,5,2,1371.1,111.97,26,38,7314,"^DAX"
436,#1989-01-17#,5,1,1316.66,-54.43994,8,12,7322,"^DAX"
437,#1989-02-08#,5,2,1359.88,43.21997,16,22,7338,"^DAX"
438,#1989-02-23#,5,1,1271.7,-88.18005,11,15,7349,"^DAX"
439,#1989-03-06#,5,2,1337.66,65.96008,7,11,7356,"^DAX"
440,#1989-03-21#,5,1,1303.28,-34.38,11,15,7367,"^DAX"
441,#1989-04-17#,5,2,1394.62,91.33997,17,27,7384,"^DAX"
442,#1989-05-16#,5,1,1339.75,-54.87,18,29,7402,"^DAX"
443,#1989-06-08#,5,2,1438.73,98.97998,16,23,7418,"^DAX"
444,#1989-06-16#,5,1,1426.54,-12.18994,6,8,7424,"^DAX"
445,#1989-09-08#,5,2,1657.61,231.0699,60,84,7484,"^DAX"
446,#1989-09-15#,5,1,1595.31,-62.29993,5,7,7489,"^DAX"
447,#1989-10-09#,5,2,1639.55,44.23999,16,24,7505,"^DAX"
448,#1989-10-16#,5,1,1385.72,-253.8301,5,7,7510,"^DAX"
449,#1989-12-07#,5,2,1664.08,278.36,38,52,7548,"^DAX"
450,#1989-12-14#,5,1,1625.77,-38.30994,5,7,7553,"^DAX"
451,#1990-01-03#,5,2,1869.66,243.89,12,20,7565,"^DAX"
452,#1990-01-24#,5,1,1756.41,-113.25,15,21,7580,"^DAX"
453,#1990-02-05#,5,2,1939.43,183.02,8,12,7588,"^DAX"
454,#1990-02-26#,5,1,1776.04,-163.39,15,21,7603,"^DAX"
455,#1990-03-30#,5,2,1968.55,192.51,24,32,7627,"^DAX"
456,#1990-05-21#,5,1,1811.18,-157.37,33,52,7660,"^DAX"
457,#1990-06-05#,5,2,1876.69,65.50989,9,15,7669,"^DAX"
458,#1990-06-13#,5,1,1787.39,-89.29993,6,8,7675,"^DAX"
459,#1990-07-18#,5,2,1966.04,178.65,24,35,7699,"^DAX"
460,#1990-09-28#,5,1,1334.89,-631.15,52,72,7751,"^DAX"
461,#1990-10-23#,5,2,1514.34,179.45,16,25,7767,"^DAX"
462,#1990-11-08#,5,1,1369.44,-144.9,12,16,7779,"^DAX"
463,#1990-12-13#,5,2,1534.8,165.3601,24,35,7803,"^DAX"
464,#1991-01-16#,5,1,1311.8,-223,19,34,7822,"^DAX"
465,#1991-02-25#,5,2,1612.8,301,28,40,7850,"^DAX"
466,#1991-03-26#,5,1,1496.5,-116.3,21,29,7871,"^DAX"
467,#1991-04-29#,5,2,1638.2,141.7,22,34,7893,"^DAX"
468,#1991-05-15#,5,1,1585,-53.19995,10,16,7903,"^DAX"
469,#1991-06-06#,5,2,1728.3,143.3,14,22,7917,"^DAX"
470,#1991-07-02#,5,1,1602.4,-125.9,18,26,7935,"^DAX"
471,#1991-07-15#,5,2,1650.8,48.40002,9,13,7944,"^DAX"
472,#1991-07-29#,5,1,1591,-59.80005,10,14,7954,"^DAX"
473,#1991-08-27#,5,2,1665.8,74.80005,21,29,7975,"^DAX"
474,#1991-09-10#,5,1,1621.8,-44,10,14,7985,"^DAX"
475,#1991-09-18#,5,2,1642.2,20.3999,6,8,7991,"^DAX"
476,#1991-10-18#,5,1,1550.7,-91.5,21,30,8012,"^DAX"
477,#1991-11-15#,5,2,1630.2,79.5,20,28,8032,"^DAX"
478,#1991-12-11#,5,1,1536.3,-93.8999,17,26,8049,"^DAX"
479,#1992-03-04#,5,2,1772.2,235.8999,55,84,8104,"^DAX"
480,#1992-03-30#,5,1,1700.3,-71.8999,18,26,8122,"^DAX"
481,#1992-04-23#,5,2,1760.4,60.09998,16,24,8138,"^DAX"
482,#1992-05-15#,5,1,1720.4,-40,15,22,8153,"^DAX"
483,#1992-05-26#,5,2,1814.6,94.19995,7,11,8160,"^DAX"
484,#1992-08-25#,5,1,1460.6,-354,62,91,8222,"^DAX"
485,#1992-09-18#,5,2,1598.2,137.6,18,24,8240,"^DAX"
486,#1992-10-06#,5,1,1413.7,-184.5,12,18,8252,"^DAX"
487,#1992-10-26#,5,2,1542.5,128.8,14,20,8266,"^DAX"
488,#1992-11-05#,5,1,1466.7,-75.80005,8,10,8274,"^DAX"
489,#1992-11-17#,5,2,1560.7,94,8,12,8282,"^DAX"
490,#1992-12-11#,5,1,1462,-98.69995,17,24,8299,"^DAX"
491,#1993-01-06#,5,2,1560.6,98.59998,14,26,8313,"^DAX"
492,#1993-01-13#,5,1,1514.3,-46.29993,5,7,8318,"^DAX"
493,#1993-03-11#,5,2,1718.2,203.8999,41,57,8359,"^DAX"
494,#1993-03-24#,5,1,1645.1,-73.09998,9,13,8368,"^DAX"
495,#1993-03-31#,5,2,1689.8,44.70007,5,7,8373,"^DAX"
496,#1993-04-07#,5,1,1650.3,-39.5,5,7,8378,"^DAX"
497,#1993-04-19#,5,2,1694.6,44.29993,6,12,8384,"^DAX"
498,#1993-05-10#,5,1,1600.7,-93.90002,15,21,8399,"^DAX"
499,#1993-07-26#,5,2,1854.8,254.1001,52,77,8451,"^DAX"
500,#1993-08-02#,5,1,1795.4,-59.40002,5,7,8456,"^DAX"
501,#1993-08-19#,5,2,1946.4,151,13,17,8469,"^DAX"
502,#1993-09-16#,5,1,1852,-94.40002,20,28,8489,"^DAX"
503,#1993-12-28#,5,2,2284.6,432.6001,71,103,8560,"^DAX"
504,#1994-01-24#,5,1,2035.8,-248.8,18,27,8578,"^DAX"
505,#1994-02-01#,5,2,2198.2,162.3999,6,8,8584,"^DAX"
506,#1994-03-02#,5,1,1992.7,-205.5,21,29,8605,"^DAX"
507,#1994-03-16#,5,2,2188.1,195.4001,10,14,8615,"^DAX"
508,#1994-03-31#,5,1,2124.4,-63.7002,11,15,8626,"^DAX"
509,#1994-05-02#,5,2,2272.6,148.2002,20,32,8646,"^DAX"
510,#1994-06-20#,5,1,1959.8,-312.8,32,49,8678,"^DAX"
511,#1994-08-03#,5,2,2200.3,240.5,32,44,8710,"^DAX"
512,#1994-08-23#,5,1,2086.9,-113.4001,14,20,8724,"^DAX"
513,#1994-08-31#,5,2,2218.6,131.7002,6,8,8730,"^DAX"
514,#1994-10-06#,5,1,1953.2,-265.4001,25,36,8755,"^DAX"
515,#1994-10-17#,5,2,2146.6,193.4001,7,11,8762,"^DAX"
516,#1994-10-25#,5,1,1974.3,-172.3,6,8,8768,"^DAX"
517,#1994-11-15#,5,2,2114.4,140.0999,15,21,8783,"^DAX"
518,#1994-11-23#,5,1,2033,-81.3999,5,8,8788,"^DAX"
519,#1994-12-05#,5,2,2074.3,41.30005,8,12,8796,"^DAX"
520,#1994-12-13#,5,1,2009.5,-64.80005,6,8,8802,"^DAX"
521,#1994-12-28#,5,2,2113.9,104.3999,10,15,8812,"^DAX"
522,#1995-01-10#,5,1,2044.5,-69.3999,9,13,8821,"^DAX"
523,#1995-02-16#,5,2,2145.7,101.2,27,37,8848,"^DAX"
524,#1995-03-29#,5,1,1893.6,-252.1,29,41,8877,"^DAX"
525,#1995-06-20#,5,2,2155.8,262.2001,53,83,8930,"^DAX"
526,#1995-06-30#,5,1,2081.7,-74.1001,8,10,8938,"^DAX"
527,#1995-07-13#,5,2,2217.4,135.7,9,13,8947,"^DAX"
528,#1995-07-20#,5,1,2173.1,-44.2998,5,7,8952,"^DAX"
529,#1995-08-07#,5,2,2249.8,76.69995,12,18,8964,"^DAX"
530,#1995-08-14#,5,1,2208.2,-41.6001,5,7,8969,"^DAX"
531,#1995-08-21#,5,2,2277.4,69.19995,5,7,8974,"^DAX"
532,#1995-08-29#,5,1,2230.8,-46.59985,6,8,8980,"^DAX"
533,#1995-09-15#,5,2,2320.2,89.3999,13,17,8993,"^DAX"
534,#1995-10-10#,5,1,2137.3,-182.8999,16,25,9009,"^DAX"
535,#1995-10-17#,5,2,2207.5,70.19995,5,7,9014,"^DAX"
536,#1995-10-27#,5,1,2096.1,-111.3999,8,10,9022,"^DAX"
537,#1995-12-12#,5,2,2289.9,193.7998,32,46,9054,"^DAX"
538,#1995-12-19#,5,1,2232.5,-57.3999,5,7,9059,"^DAX"
539,#1996-02-01#,5,2,2473.2,240.7,29,44,9088,"^DAX"
540,#1996-02-21#,5,1,2375.1,-98.09985,14,20,9102,"^DAX"
541,#1996-04-23#,5,2,2554.8,179.7,42,62,9144,"^DAX"
542,#1996-05-03#,5,1,2455.2,-99.6001,7,10,9151,"^DAX"
543,#1996-05-21#,5,2,2571.8,116.6001,11,18,9162,"^DAX"
544,#1996-06-03#,5,1,2524.4,-47.40015,8,13,9170,"^DAX"
545,#1996-06-12#,5,2,2571.6,47.2002,6,9,9176,"^DAX"
546,#1996-06-21#,5,1,2535,-36.6001,7,9,9183,"^DAX"
547,#1996-07-05#,5,2,2583.7,48.69995,10,14,9193,"^DAX"
548,#1996-07-24#,5,1,2446.2,-137.5,13,19,9206,"^DAX"
549,#1996-10-18#,5,2,2739.3,293.1001,61,86,9267,"^DAX"
550,#1996-10-31#,5,1,2656.5,-82.80005,9,13,9276,"^DAX"
551,#1996-11-15#,5,2,2799.1,142.6001,11,15,9287,"^DAX"
552,#1996-11-22#,5,1,2756.1,-43,5,7,9292,"^DAX"
553,#1997-03-11#,5,2,3475,718.8999,72,109,9364,"^DAX"
554,#1997-03-20#,5,1,3264.7,-210.3,7,9,9371,"^DAX"
555,#1997-07-31#,5,2,4477.7,1213,89,133,9460,"^DAX"
556,#1997-09-12#,5,1,3783.1,-694.6001,31,43,9491,"^DAX"
557,#1997-10-08#,5,2,4363.7,580.6001,17,26,9508,"^DAX"
558,#1997-10-28#,5,1,3366,-997.7002,14,20,9522,"^DAX"
559,#1998-04-20#,5,2,5436.8,2070.8,117,174,9639,"^DAX"
560,#1998-04-27#,5,1,4992.1,-444.6997,5,7,9644,"^DAX"
561,#1998-07-21#,5,2,6217.83,1225.73,57,85,9701,"^DAX"
562,#1998-09-01#,5,1,4673.21,-1544.62,30,42,9731,"^DAX"
563,#1998-09-09#,5,2,5161.4,488.1899,6,8,9737,"^DAX"
564,#1998-10-08#,5,1,3833.71,-1327.69,21,29,9758,"^DAX"
565,#1998-11-06#,5,2,4902.45,1068.74,21,29,9779,"^DAX"
566,#1998-11-13#,5,1,4617.41,-285.04,5,7,9784,"^DAX"
567,#1998-11-30#,5,2,5176.27,558.8599,11,17,9795,"^DAX"
568,#1998-12-14#,5,1,4451.2,-725.0698,10,14,9805,"^DAX"
569,#1999-01-07#,5,2,5509.34,1058.14,14,24,9819,"^DAX"
570,#1999-01-15#,5,1,4768.41,-740.9297,6,8,9825,"^DAX"
571,#1999-02-01#,5,2,5287.96,519.5498,11,17,9836,"^DAX"
572,#1999-02-10#,5,1,4749.45,-538.5098,7,9,9843,"^DAX"
573,#1999-02-24#,5,2,5074.4,324.9497,10,14,9853,"^DAX"
574,#1999-03-04#,5,1,4605.27,-469.1299,6,8,9859,"^DAX"
575,#1999-03-19#,5,2,5151.01,545.7397,11,15,9870,"^DAX"
576,#1999-03-26#,5,1,4743.98,-407.0298,5,7,9875,"^DAX"
577,#1999-05-04#,5,2,5449.22,705.2402,25,39,9900,"^DAX"
578,#1999-06-02#,5,1,4980.63,-468.5903,19,29,9919,"^DAX"
579,#1999-06-18#,5,2,5500.93,520.3003,11,16,9930,"^DAX"
580,#1999-06-28#,5,1,5283.73,-217.2002,6,10,9936,"^DAX"
581,#1999-07-12#,5,2,5686.55,402.8198,10,14,9946,"^DAX"
582,#1999-08-05#,5,1,4948.08,-738.4697,18,24,9964,"^DAX"
583,#1999-08-26#,5,2,5455.84,507.7598,15,21,9979,"^DAX"
584,#1999-09-02#,5,1,5184.01,-271.8301,5,7,9984,"^DAX"
585,#1999-09-13#,5,2,5530.76,346.75,7,11,9991,"^DAX"
586,#1999-09-29#,5,1,5069.87,-460.8896,12,16,10003,"^DAX"
587,#1999-10-11#,5,2,5453.77,383.8999,8,12,10011,"^DAX"
588,#1999-10-18#,5,1,5093.84,-359.9302,5,7,10016,"^DAX"
589,#2000-01-18#,5,2,7306.48,2212.64,64,92,10080,"^DAX"
590,#2000-01-25#,5,1,6809.64,-496.8398,5,7,10085,"^DAX"
591,#2000-03-07#,5,2,8136.16,1326.52,30,42,10115,"^DAX"
592,#2000-03-15#,5,1,7411.76,-724.4004,6,8,10121,"^DAX"
593,#2000-03-28#,5,2,8031.21,619.4502,9,13,10130,"^DAX"
594,#2000-04-17#,5,1,6890.96,-1140.25,14,20,10144,"^DAX"
595,#2000-05-03#,5,2,7571.72,680.7603,9,16,10153,"^DAX"
596,#2000-05-24#,5,1,6794.08,-777.6401,15,21,10168,"^DAX"
597,#2000-06-05#,5,2,7486.4,692.3198,8,12,10176,"^DAX"
598,#2000-07-03#,5,1,6842.61,-643.79,20,28,10196,"^DAX"
599,#2000-07-21#,5,2,7503.32,660.71,14,18,10210,"^DAX"
600,#2000-08-03#,5,1,6954.6,-548.7197,9,13,10219,"^DAX"
601,#2000-09-05#,5,2,7456.71,502.1099,23,33,10242,"^DAX"
602,#2000-09-22#,5,1,6468.46,-988.25,13,17,10255,"^DAX"
603,#2000-10-06#,5,2,6921.08,452.6201,9,14,10264,"^DAX"
604,#2000-10-18#,5,1,6297.49,-623.5898,8,12,10272,"^DAX"
605,#2000-11-06#,5,2,7185.66,888.1699,13,19,10285,"^DAX"
606,#2000-12-04#,5,1,6343.45,-842.21,20,28,10305,"^DAX"
607,#2000-12-12#,5,2,6813.3,469.8496,6,8,10311,"^DAX"
608,#2000-12-21#,5,1,6110.26,-703.04,7,9,10318,"^DAX"
609,#2001-01-31#,5,2,6795.14,684.8804,26,41,10344,"^DAX"
610,#2001-03-22#,5,1,5351.48,-1443.66,36,50,10380,"^DAX"
611,#2001-05-02#,5,2,6296.62,945.1401,26,41,10406,"^DAX"
612,#2001-07-25#,5,1,5551.14,-745.48,60,84,10466,"^DAX"
613,#2001-08-02#,5,2,5930.45,379.3101,6,8,10472,"^DAX"
614,#2001-08-20#,5,1,5124.69,-805.7603,12,18,10484,"^DAX"
615,#2001-08-27#,5,2,5455.12,330.4302,5,7,10489,"^DAX"
616,#2001-09-21#,5,1,3539.18,-1915.94,19,25,10508,"^DAX"
617,#2001-11-26#,5,2,5217.47,1678.29,46,66,10554,"^DAX"
618,#2001-12-03#,5,1,4872.25,-345.2202,5,7,10559,"^DAX"
619,#2002-01-04#,5,2,5352.16,479.9102,19,32,10578,"^DAX"
620,#2002-01-16#,5,1,4974.58,-377.5801,8,12,10586,"^DAX"
621,#2002-01-24#,5,2,5219.85,245.27,6,8,10592,"^DAX"
622,#2002-02-07#,5,1,4730.7,-489.1499,10,14,10602,"^DAX"
623,#2002-03-19#,5,2,5467.31,736.6099,28,40,10630,"^DAX"
624,#2002-04-08#,5,1,5128.02,-339.29,12,20,10642,"^DAX"
625,#2002-04-17#,5,2,5378.27,250.25,7,9,10649,"^DAX"
626,#2002-05-07#,5,1,4773.49,-604.7798,13,20,10662,"^DAX"
627,#2002-05-17#,5,2,5126.33,352.8398,8,10,10670,"^DAX"
628,#2002-06-26#,5,1,3946.7,-1179.63,28,40,10698,"^DAX"
629,#2002-07-05#,5,2,4483.03,536.3298,7,9,10705,"^DAX"
630,#2002-07-24#,5,1,3265.96,-1217.07,13,19,10718,"^DAX"
631,#2002-07-31#,5,2,3945.38,679.4199,5,7,10723,"^DAX"
632,#2002-10-09#,5,1,2519.3,-1426.08,50,70,10773,"^DAX"
633,#2002-11-06#,5,2,3443.49,924.1899,20,28,10793,"^DAX"
634,#2002-11-13#,5,1,2987.85,-455.6399,5,7,10798,"^DAX"
635,#2002-12-02#,5,2,3476.83,488.98,13,19,10811,"^DAX"
636,#2003-02-10#,5,1,2528.9,-947.9302,45,70,10856,"^DAX"
637,#2003-02-18#,5,2,2750.08,221.1802,6,8,10862,"^DAX"
638,#2003-03-12#,5,1,2188.75,-561.3301,16,22,10878,"^DAX"
639,#2003-03-21#,5,2,2731.57,542.8201,7,9,10885,"^DAX"
640,#2003-04-01#,5,1,2395.72,-335.8501,7,11,10892,"^DAX"
641,#2003-05-07#,5,2,3068.08,672.3601,23,36,10915,"^DAX"
642,#2003-05-27#,5,1,2769.45,-298.6301,14,20,10929,"^DAX"
643,#2003-06-19#,5,2,3324.44,554.99,17,23,10946,"^DAX"
644,#2003-07-01#,5,1,3119.35,-205.0898,8,12,10954,"^DAX"
645,#2003-07-31#,5,2,3487.86,368.51,22,30,10976,"^DAX"
646,#2003-08-07#,5,1,3299.77,-188.0901,5,7,10981,"^DAX"
647,#2003-09-05#,5,2,3676.88,377.1099,21,29,11002,"^DAX"
648,#2003-09-12#,5,1,3473.79,-203.0898,5,7,11007,"^DAX"
649,#2003-09-19#,5,2,3629.59,155.8,5,7,11012,"^DAX"
650,#2003-09-30#,5,1,3202.87,-426.72,7,11,11019,"^DAX"
651,#2003-10-15#,5,2,3606,403.1299,11,15,11030,"^DAX"
652,#2003-10-23#,5,1,3423.34,-182.6599,6,8,11036,"^DAX"
653,#2003-11-07#,5,2,3814.21,390.8699,11,15,11047,"^DAX"
654,#2003-11-20#,5,1,3576.52,-237.6899,9,13,11056,"^DAX"
655,#2004-01-27#,5,2,4175.48,598.96,43,68,11099,"^DAX"
656,#2004-02-25#,5,1,3960.41,-215.0701,21,29,11120,"^DAX"
657,#2004-03-08#,5,2,4163.19,202.78,8,12,11128,"^DAX"
658,#2004-03-24#,5,1,3692.4,-470.79,12,16,11140,"^DAX"
659,#2004-04-26#,5,2,4156.89,464.4902,21,33,11161,"^DAX"
660,#2004-05-17#,5,1,3710.02,-446.8701,15,21,11176,"^DAX"
661,#2004-06-08#,5,2,4040.77,330.75,16,22,11192,"^DAX"
662,#2004-06-22#,5,1,3916.42,-124.3501,10,14,11202,"^DAX"
663,#2004-07-01#,5,2,4101.52,185.1001,7,9,11209,"^DAX"
664,#2004-08-16#,5,1,3618.58,-482.9399,32,46,11241,"^DAX"
665,#2004-09-17#,5,2,4000.13,381.5498,24,32,11265,"^DAX"
666,#2004-09-28#,5,1,3848.28,-151.8499,7,11,11272,"^DAX"
667,#2004-10-05#,5,2,4078.5,230.22,5,7,11277,"^DAX"
668,#2004-10-25#,5,1,3838.98,-239.52,14,20,11291,"^DAX"
669,#2005-01-07#,5,2,4325.77,486.79,52,74,11343,"^DAX"
670,#2005-01-24#,5,1,4160.83,-164.9399,11,17,11354,"^DAX"
671,#2005-02-15#,5,2,4409.09,248.2598,16,22,11370,"^DAX"
672,#2005-02-23#,5,1,4276.01,-133.0801,6,8,11376,"^DAX"
673,#2005-03-07#,5,2,4435.31,159.3003,8,12,11384,"^DAX"
674,#2005-03-23#,5,1,4275.55,-159.7603,12,16,11396,"^DAX"
675,#2005-04-14#,5,2,4422.88,147.3301,14,22,11410,"^DAX"
676,#2005-04-27#,5,1,4157.51,-265.3701,9,13,11419,"^DAX"
677,#2005-06-23#,5,2,4637.34,479.8301,41,57,11460,"^DAX"
678,#2005-07-07#,5,1,4444.94,-192.3999,10,14,11470,"^DAX"
679,#2005-08-10#,5,2,4990.57,545.6299,24,34,11494,"^DAX"
680,#2005-08-29#,5,1,4726.33,-264.2397,13,19,11507,"^DAX"
681,#2005-09-12#,5,2,5035.39,309.0601,10,14,11517,"^DAX"
682,#2005-09-22#,5,1,4827.86,-207.5303,8,10,11525,"^DAX"
683,#2005-10-04#,5,2,5138.02,310.1602,8,12,11533,"^DAX"
684,#2005-10-28#,5,1,4762.75,-375.27,18,24,11551,"^DAX"
685,#2006-01-09#,5,2,5553.54,790.79,50,73,11601,"^DAX"
686,#2006-01-23#,5,1,5290.49,-263.0498,10,14,11611,"^DAX"
687,#2006-02-28#,5,2,5916.79,626.2998,26,36,11637,"^DAX"
688,#2006-03-08#,5,1,5664.18,-252.6099,6,8,11643,"^DAX"
689,#2006-05-11#,5,2,6162.37,498.1899,43,64,11686,"^DAX"
690,#2006-06-14#,5,1,5243.71,-918.6602,24,34,11710,"^DAX"
691,#2006-07-04#,5,2,5729.58,485.8701,14,20,11724,"^DAX"
692,#2006-07-17#,5,1,5365.06,-364.52,9,13,11733,"^DAX"
693,#2006-09-04#,5,2,5917.24,552.1802,35,49,11768,"^DAX"
694,#2006-09-11#,5,1,5737.2,-180.04,5,7,11773,"^DAX"
695,#2006-11-22#,5,2,6497.06,759.8599,52,72,11825,"^DAX"
696,#2006-12-01#,5,1,6195.81,-301.25,7,9,11832,"^DAX"
697,#2007-01-03#,5,2,6704.04,508.23,20,33,11852,"^DAX"
698,#2007-01-10#,5,1,6531.25,-172.79,5,7,11857,"^DAX"
699,#2007-02-26#,5,2,7040.2,508.9502,33,47,11890,"^DAX"
700,#2007-03-05#,5,1,6445.29,-594.9102,5,7,11895,"^DAX"
701,#2007-06-20#,5,2,8131.73,1686.44,73,107,11968,"^DAX"
702,#2007-06-27#,5,1,7750.62,-381.1099,5,7,11973,"^DAX"
703,#2007-07-13#,5,2,8151.56,400.9399,12,16,11985,"^DAX"
704,#2007-08-17#,5,1,7190.35,-961.21,25,35,12010,"^DAX"
705,#2007-10-11#,5,2,8063.83,873.48,39,55,12049,"^DAX"
706,#2007-10-22#,5,1,7763.64,-300.1899,7,11,12056,"^DAX"
707,#2007-11-01#,5,2,8038.41,274.77,8,10,12064,"^DAX"
708,#2007-11-27#,5,1,7444.62,-593.79,18,26,12082,"^DAX"
709,#2007-12-12#,5,2,8117.79,673.1699,11,15,12093,"^DAX"
710,#2007-12-19#,5,1,7777.39,-340.3999,5,7,12098,"^DAX"
711,#2008-01-02#,5,2,8100.64,323.25,5,14,12103,"^DAX"
712,#2008-01-23#,5,1,6384.39,-1716.25,15,21,12118,"^DAX"
713,#2008-02-19#,5,2,7079.74,695.3501,19,27,12137,"^DAX"
714,#2008-03-17#,5,1,6167.82,-911.9204,19,27,12156,"^DAX"
715,#2008-04-07#,5,2,6843.25,675.4302,13,21,12169,"^DAX"
716,#2008-04-14#,5,1,6516.51,-326.7402,5,7,12174,"^DAX"
717,#2008-05-19#,5,2,7231.86,715.3501,24,35,12198,"^DAX"
718,#2008-07-16#,5,1,5999.32,-1232.54,42,58,12240,"^DAX"
719,#2008-08-12#,5,2,6626.7,627.3804,19,27,12259,"^DAX"
720,#2008-08-21#,5,1,6219.1,-407.6001,7,9,12266,"^DAX"
721,#2008-09-02#,5,2,6553.9,334.7998,8,12,12274,"^DAX"
722,#2008-10-24#,5,1,4014.6,-2539.3,38,52,12312,"^DAX"
723,#2008-11-04#,5,2,5302.57,1287.97,7,11,12319,"^DAX"
724,#2008-11-21#,5,1,4034.96,-1267.61,13,17,12332,"^DAX"
725,#2009-01-06#,5,2,5111.02,1076.06,27,46,12359,"^DAX"
726,#2009-01-23#,5,1,4067.43,-1043.59,13,17,12372,"^DAX"
727,#2009-02-09#,5,2,4688.59,621.1599,11,17,12383,"^DAX"
728,#2009-03-09#,5,1,3588.89,-1099.7,20,28,12403,"^DAX"
729,#2009-05-07#,5,2,4980.12,1391.23,40,59,12443,"^DAX"
730,#2009-05-14#,5,1,4653.25,-326.8701,5,7,12448,"^DAX"
731,#2009-06-02#,5,2,5177.59,524.3398,13,19,12461,"^DAX"
732,#2009-06-23#,5,1,4669.8,-507.79,15,21,12476,"^DAX"
733,#2009-07-01#,5,2,4930.35,260.5503,6,8,12482,"^DAX"
734,#2009-07-13#,5,1,4524.01,-406.3403,8,12,12490,"^DAX"
735,#2009-08-07#,5,2,5480.93,956.9204,19,25,12509,"^DAX"
736,#2009-08-19#,5,1,5158.6,-322.3301,8,12,12517,"^DAX"
737,#2009-09-18#,5,2,5760.83,602.23,22,30,12539,"^DAX"
738,#2009-10-05#,5,1,5440.23,-320.6001,11,17,12550,"^DAX"
739,#2009-10-20#,5,2,5888.21,447.98,11,15,12561,"^DAX"
740,#2009-11-03#,5,1,5312.64,-575.5698,10,14,12571,"^DAX"
741,#2009-11-18#,5,2,5843.27,530.6299,11,15,12582,"^DAX"
742,#2009-11-27#,5,1,5519.48,-323.79,7,9,12589,"^DAX"
743,#2010-01-11#,5,2,6094.26,574.7798,27,45,12616,"^DAX"
744,#2010-02-05#,5,1,5433.02,-661.2397,19,25,12635,"^DAX"
745,#2010-04-26#,5,2,6341.52,908.5,54,80,12689,"^DAX"
746,#2010-05-25#,5,1,5607.68,-733.8398,21,29,12710,"^DAX"
747,#2010-06-21#,5,2,6330.81,723.1299,19,27,12729,"^DAX"
748,#2010-07-05#,5,1,5809.37,-521.4399,10,14,12739,"^DAX"
749,#2010-08-06#,5,2,6386.97,577.6001,24,32,12763,"^DAX"
750,#2010-08-31#,5,1,5833.51,-553.4604,17,25,12780,"^DAX"
751,#2010-09-21#,5,2,6339.97,506.4604,15,21,12795,"^DAX"
752,#2010-10-05#,5,1,6115.87,-224.1001,10,14,12805,"^DAX"
753,#2010-11-22#,5,2,6901.93,786.0601,34,48,12839,"^DAX"
754,#2010-11-30#,5,1,6655.94,-245.9902,6,8,12845,"^DAX"
755,#2010-12-21#,5,2,7087.84,431.8999,15,21,12860,"^DAX"
756,#2011-01-10#,5,1,6835.74,-252.0996,12,20,12872,"^DAX"
757,#2011-02-21#,5,2,7441.82,606.0796,30,42,12902,"^DAX"
758,#2011-03-15#,5,1,6483.39,-958.4297,16,22,12918,"^DAX"
759,#2011-04-06#,5,2,7242.69,759.2998,16,22,12934,"^DAX"
760,#2011-04-18#,5,1,6994.56,-248.1299,8,12,12942,"^DAX"
761,#2011-05-02#,5,2,7600.41,605.8501,8,14,12950,"^DAX"
762,#2011-06-08#,5,1,6995.4,-605.0103,27,37,12977,"^DAX"
763,#2011-07-08#,5,2,7523.53,528.1299,22,30,12999,"^DAX"
764,#2011-08-19#,5,1,5345.36,-2178.17,30,42,13029,"^DAX"
765,#2011-08-31#,5,2,5869.65,524.29,8,12,13037,"^DAX"
766,#2011-09-12#,5,1,4967.59,-902.0601,8,12,13045,"^DAX"
767,#2011-10-28#,5,2,6430.6,1463.01,34,46,13079,"^DAX"
768,#2011-11-25#,5,1,5366.5,-1064.1,20,28,13099,"^DAX"
769,#2011-12-05#,5,2,6170.04,803.54,6,10,13105,"^DAX"
770,#2011-12-20#,5,1,5637.53,-532.5103,11,15,13116,"^DAX"
771,#2012-02-21#,5,2,6971.03,1333.5,44,63,13160,"^DAX"
772,#2012-03-07#,5,1,6612.61,-358.4199,11,15,13171,"^DAX"
773,#2012-03-16#,5,2,7194.33,581.7202,7,9,13178,"^DAX"
774,#2012-04-23#,5,1,6499.07,-695.2603,24,38,13202,"^DAX"
775,#2012-05-02#,5,2,6875.87,376.8003,6,9,13208,"^DAX"
776,#2012-06-05#,5,1,5914.43,-961.4399,24,34,13232,"^DAX"
777,#2012-06-21#,5,2,6427.49,513.0601,12,16,13244,"^DAX"
778,#2012-06-28#,5,1,6096.94,-330.5503,5,7,13249,"^DAX"
779,#2012-08-21#,5,2,7105.43,1008.49,38,54,13287,"^DAX"
780,#2012-08-30#,5,1,6871,-234.4302,7,9,13294,"^DAX"
781,#2012-09-21#,5,2,7478.53,607.5298,16,22,13310,"^DAX"
782,#2012-09-28#,5,1,7216.15,-262.3799,5,7,13315,"^DAX"
783,#2012-10-18#,5,2,7447.81,231.6602,14,20,13329,"^DAX"
784,#2012-11-16#,5,1,6950.53,-497.2803,21,29,13350,"^DAX"
785,#2013-01-02#,5,2,7789.94,839.4102,28,47,13378,"^DAX"
786,#2013-02-06#,5,1,7537.29,-252.6499,25,35,13403,"^DAX"
787,#2013-03-15#,5,2,8074.47,537.1802,27,37,13430,"^DAX"
788,#2013-04-19#,5,1,7418.84,-655.6304,23,35,13453,"^DAX"
789,#2013-05-22#,5,2,8553.74,1134.9,22,33,13475,"^DAX"
790,#2013-06-24#,5,1,7656.86,-896.8804,23,33,13498,"^DAX"
791,#2013-07-24#,5,2,8415.33,758.4702,22,30,13520,"^DAX"
792,#2013-07-31#,5,1,8213.36,-201.9697,5,7,13525,"^DAX"
793,#2013-08-13#,5,2,8444.52,231.1592,9,13,13534,"^DAX"
794,#2013-08-28#,5,1,8094.22,-350.2993,11,15,13545,"^DAX"
795,#2013-09-19#,5,2,8767.97,673.7495,16,22,13561,"^DAX"
796,#2013-10-09#,5,1,8504.65,-263.3193,14,20,13575,"^DAX"
797,#2013-12-02#,5,2,9424.83,920.1797,38,54,13613,"^DAX"
798,#2013-12-12#,5,1,8984.99,-439.8398,8,10,13621,"^DAX"
799,#2014-01-21#,5,2,9794.05,809.0596,23,40,13644,"^DAX"
800,#2014-02-04#,5,1,9071.25,-722.7998,10,14,13654,"^DAX"
801,#2014-02-26#,5,2,9720.33,649.0801,16,22,13670,"^DAX"
802,#2014-03-14#,5,1,8913.27,-807.0605,12,16,13682,"^DAX"
803,#2014-04-04#,5,2,9721.5,808.2305,15,21,13697,"^DAX"
804,#2014-04-15#,5,1,9166.53,-554.9697,7,11,13704,"^DAX"
805,#2014-06-20#,5,2,10050.98,884.4502,45,66,13749,"^DAX"
806,#2014-08-08#,5,1,8903.49,-1147.49,35,49,13784,"^DAX"
807,#2014-09-05#,5,2,9774.65,871.1602,20,28,13804,"^DAX"
808,#2014-10-16#,5,1,8354.97,-1419.681,28,41,13832,"^DAX"
809,#2014-11-06#,5,2,9467.36,1112.391,15,21,13847,"^DAX"
810,#2014-11-17#,5,1,9161.6,-305.7607,7,11,13854,"^DAX"
811,#2014-12-05#,5,2,10093.03,931.4307,14,18,13868,"^DAX"
812,#2014-12-16#,5,1,9219.05,-873.9805,7,11,13875,"^DAX"
813,#2015-02-03#,5,2,10984.69,1765.641,30,49,13905,"^DAX"
814,#2015-02-10#,5,1,10594.32,-390.3701,5,7,13910,"^DAX"
815,#2015-03-16#,5,2,12219.05,1624.729,24,34,13934,"^DAX"
816,#2015-03-26#,5,1,11619.72,-599.3301,8,10,13942,"^DAX"
817,#2015-04-10#,5,2,12390.75,771.0303,9,15,13951,"^DAX"
818,#2015-05-07#,5,1,11167.55,-1223.2,18,27,13969,"^DAX"
819,#2015-05-26#,5,2,11920.31,752.7598,12,19,13981,"^DAX"
820,#2015-06-16#,5,1,10797.85,-1122.46,15,21,13996,"^DAX"
821,#2015-06-23#,5,2,11635.85,838,5,7,14001,"^DAX"
822,#2015-07-08#,5,1,10652.79,-983.0596,11,15,14012,"^DAX"
823,#2015-07-20#,5,2,11802.37,1149.58,8,12,14020,"^DAX"
824,#2015-07-27#,5,1,11052.86,-749.5098,5,7,14025,"^DAX"
825,#2015-08-06#,5,2,11669.86,617,8,10,14033,"^DAX"
826,#2015-08-24#,5,1,9338.2,-2331.66,12,18,14045,"^DAX"
827,#2015-09-09#,5,2,10512.61,1174.41,12,16,14057,"^DAX"
828,#2015-09-29#,5,1,9325.05,-1187.561,14,20,14071,"^DAX"
829,#2015-11-06#,5,2,11055.45,1730.4,28,38,14099,"^DAX"
830,#2015-11-13#,5,1,10607.46,-447.9902,5,7,14104,"^DAX"
831,#2015-11-30#,5,2,11430.87,823.4102,11,17,14115,"^DAX"
832,#2015-12-14#,5,1,10122.95,-1307.92,10,14,14125,"^DAX"
833,#2015-12-29#,5,2,10860.14,737.1895,9,15,14134,"^DAX"
834,#2016-01-20#,5,1,9314.57,-1545.569,14,22,14148,"^DAX"
835,#2016-01-28#,5,2,9905.08,590.5098,6,8,14154,"^DAX"
836,#2016-02-11#,5,1,8699.29,-1205.79,10,14,14164,"^DAX"
837,#2016-03-23#,5,2,10112.17,1412.88,29,41,14193,"^DAX"
838,#2016-04-07#,5,1,9484.75,-627.4199,9,15,14202,"^DAX"
839,#2016-04-21#,5,2,10474.38,989.6299,10,14,14212,"^DAX"
840,#2016-05-06#,5,1,9737,-737.3799,11,15,14223,"^DAX"
841,#2016-05-31#,5,2,10365.24,628.2402,16,25,14239,"^DAX"
842,#2016-06-16#,5,1,9432.87,-932.3701,12,16,14251,"^DAX"
843,#2016-08-15#,5,2,10802.32,1369.45,42,60,14293,"^DAX"
844,#2016-08-29#,5,1,10441.81,-360.5107,10,14,14303,"^DAX"
845,#2016-09-08#,5,2,10780.42,338.6104,8,10,14311,"^DAX"
846,#2016-09-30#,5,1,10189.94,-590.4795,16,22,14327,"^DAX"
847,#2016-10-25#,5,2,10827.72,637.7793,16,25,14343,"^DAX"
848,#2016-11-09#,5,1,10174.92,-652.7998,11,15,14354,"^DAX"
849,#2017-01-26#,5,2,11893.08,1718.16,55,78,14409,"^DAX"
850,#2017-02-08#,5,1,11479.78,-413.2998,9,13,14418,"^DAX"
851,#2017-03-02#,5,2,12082.59,602.8096,16,22,14434,"^DAX"
852,#2017-03-09#,5,1,11917.78,-164.8096,5,7,14439,"^DAX"
853,#2017-04-03#,5,2,12375.58,457.7998,17,25,14456,"^DAX"
854,#2017-04-20#,5,1,11941.57,-434.0098,11,17,14467,"^DAX"
855,#2017-06-20#,5,2,12951.54,1009.97,41,61,14508,"^DAX"
856,#2017-07-06#,5,1,12316.43,-635.1104,12,16,14520,"^DAX"
857,#2017-07-13#,5,2,12676.52,360.0898,5,7,14525,"^DAX"
858,#2017-08-29#,5,1,11868.84,-807.6797,33,47,14558,"^DAX"
859,#2017-11-07#,5,2,13525.56,1656.72,48,70,14606,"^DAX"
860,#2017-12-01#,5,1,12810.13,-715.4297,18,24,14624,"^DAX"
861,#2017-12-08#,5,2,13240.92,430.79,5,7,14629,"^DAX"
862,#2018-01-02#,5,1,12745.15,-495.7695,14,25,14643,"^DAX"
863,#2018-01-09#,5,2,13425.02,679.8691,5,7,14648,"^DAX"
864,#2018-02-09#,5,1,12003.36,-1421.659,23,31,14671,"^DAX"
865,#2018-02-26#,5,2,12601.46,598.0996,11,17,14682,"^DAX"
866,#2018-03-05#,5,1,11830.98,-770.4795,5,7,14687,"^DAX"
867,#2018-03-13#,5,2,12459.9,628.9199,6,8,14693,"^DAX"
868,#2018-03-26#,5,1,11726.62,-733.2803,9,13,14702,"^DAX"
869,#2018-05-22#,5,2,13204.31,1477.689,37,57,14739,"^DAX"
870,#2018-05-31#,5,1,12547.61,-656.6992,7,9,14746,"^DAX"
871,#2018-06-15#,5,2,13170.05,622.4395,11,15,14757,"^DAX"
872,#2018-06-28#,5,1,12104.41,-1065.64,9,13,14766,"^DAX"
873,#2018-07-27#,5,2,12886.83,782.4199,21,29,14787,"^DAX"
874,#2018-08-15#,5,1,12120.65,-766.1797,13,19,14800,"^DAX"
875,#2018-08-28#,5,2,12597.02,476.3691,9,13,14809,"^DAX"
876,#2018-09-11#,5,1,11865.47,-731.5498,10,14,14819,"^DAX"
877,#2018-09-21#,5,2,12458.3,592.8301,8,10,14827,"^DAX"
878,#2018-10-26#,5,1,11051.04,-1407.26,24,35,14851,"^DAX"
879,#2018-11-02#,5,2,11689.96,638.9199,5,7,14856,"^DAX"
880,#2018-11-20#,5,1,11009.25,-680.71,12,18,14868,"^DAX"
881,#2018-12-03#,5,2,11566.97,557.7197,9,13,14877,"^DAX"
882,#2018-12-27#,5,1,10279.2,-1287.77,15,24,14892,"^DAX"
883,#2019-03-01#,5,2,11676.86,1397.66,44,64,14936,"^DAX"
884,#2019-03-08#,5,1,11405.21,-271.6504,5,7,14941,"^DAX"
885,#2019-03-19#,5,2,11823.29,418.0801,7,11,14948,"^DAX"
886,#2019-03-26#,5,1,11299.8,-523.4902,5,7,14953,"^DAX"
887,#2019-04-04#,5,2,12029.26,729.46,7,9,14960,"^DAX"
888,#2019-04-11#,5,1,11846.6,-182.6602,5,7,14965,"^DAX"
889,#2019-05-03#,5,2,12435.67,589.0703,13,22,14978,"^DAX"
890,#2019-06-03#,5,1,11620.64,-815.0303,21,31,14999,"^DAX"
891,#2019-06-11#,5,2,12227.4,606.7607,5,8,15004,"^DAX"
892,#2019-06-18#,5,1,11987.55,-239.8506,5,7,15009,"^DAX"
893,#2019-07-04#,5,2,12656.05,668.5,12,16,15021,"^DAX"
894,#2019-07-18#,5,1,12172.59,-483.46,10,14,15031,"^DAX"
895,#2019-07-25#,5,2,12599.93,427.3398,5,7,15036,"^DAX"
896,#2019-08-15#,5,1,11266.48,-1333.449,15,21,15051,"^DAX"
897,#2019-09-13#,5,2,12494.25,1227.77,21,29,15072,"^DAX"
898,#2019-10-04#,5,1,11878.98,-615.2695,14,21,15086,"^DAX"
899,#2019-11-19#,5,2,13374.27,1495.289,32,46,15118,"^DAX"
900,#2019-12-10#,5,1,12886.55,-487.7197,15,21,15133,"^DAX"
901,#2020-01-22#,5,2,13640.06,753.5098,26,43,15159,"^DAX"
902,#2020-01-31#,5,1,12973.7,-666.3594,7,9,15166,"^DAX"
903,#2020-02-17#,5,2,13795.24,821.54,11,17,15177,"^DAX"
904,#2020-03-16#,5,1,8255.65,-5539.59,20,28,15197,"^DAX"
905,#2020-03-25#,5,2,10137.62,1881.97,7,9,15204,"^DAX"
906,#2020-04-02#,5,1,9337.02,-800.6006,6,8,15210,"^DAX"
907,#2020-04-30#,5,2,11235.57,1898.551,18,28,15228,"^DAX"
908,#2020-05-14#,5,1,10160.89,-1074.681,9,14,15237,"^DAX"
909,#2020-06-08#,5,2,12913.13,2752.24,16,25,15253,"^DAX"
910,#2020-06-15#,5,1,11597.82,-1315.31,5,7,15258,"^DAX"
911,#2020-07-21#,5,2,13313.9,1716.08,26,36,15284,"^DAX"
912,#2020-07-30#,5,1,12253.92,-1059.98,7,9,15291,"^DAX"
913,#2020-08-12#,5,2,13101.12,847.2002,9,13,15300,"^DAX"
914,#2020-08-21#,5,1,12633.71,-467.4102,7,9,15307,"^DAX"
915,#2020-09-03#,5,2,13460.46,826.75,9,13,15316,"^DAX"
916,#2020-09-25#,5,1,12341.58,-1118.88,16,22,15332,"^DAX"
917,#2020-10-12#,5,2,13151.8,810.2197,11,17,15343,"^DAX"
918,#2020-10-30#,5,1,11450.08,-1701.72,14,18,15357,"^DAX"
919,#2020-11-30#,5,2,13445.11,1995.03,21,31,15378,"^DAX"
920,#2020-12-11#,5,1,13009.48,-435.6299,9,11,15387,"^DAX"
921,#2021-01-08#,5,2,14131.52,1122.039,16,28,15403,"^DAX"
922,#2021-01-28#,5,1,13310.95,-820.5693,14,20,15417,"^DAX"
923,#2021-02-08#,5,2,14169.49,858.54,7,11,15424,"^DAX"
924,#2021-02-23#,5,1,13664.71,-504.7803,11,15,15435,"^DAX"
925,#2021-03-18#,5,2,14804.01,1139.3,17,23,15452,"^DAX"
926,#2021-03-25#,5,1,14422.65,-381.3594,5,7,15457,"^DAX"
927,#2021-04-19#,5,2,15501.84,1079.189,15,25,15472,"^DAX"
928,#2021-05-13#,5,1,14816.35,-685.4902,18,24,15490,"^DAX"
929,#2021-06-14#,5,2,15802.67,986.3203,21,32,15511,"^DAX"
930,#2021-06-21#,5,1,15309.44,-493.2295,5,7,15516,"^DAX"
931,#2021-06-29#,5,2,15752.93,443.4893,6,8,15522,"^DAX"
932,#2021-07-19#,5,1,15048.56,-704.3701,14,20,15536,"^DAX"
933,#2021-08-13#,5,2,16030.33,981.7705,19,25,15555,"^DAX"
934,#2021-09-09#,5,1,15453.96,-576.3701,19,27,15574,"^DAX"
935,#2021-09-17#,5,2,15791.9,337.9404,6,8,15580,"^DAX"
936,#2021-10-06#,5,1,14818.71,-973.1904,13,19,15593,"^DAX"
937,#2021-11-18#,5,2,16290.19,1471.48,31,43,15624,"^DAX"
938,#2021-11-30#,5,1,15015.42,-1274.771,8,12,15632,"^DAX"
939,#2021-12-08#,5,2,15834.04,818.6201,6,8,15638,"^DAX"
940,#2021-12-20#,5,1,15060.1,-773.9404,8,12,15646,"^DAX"
941,#2022-01-05#,5,2,16285.35,1225.25,10,16,15656,"^DAX"
942,#2022-01-24#,5,1,14952.67,-1332.68,13,19,15669,"^DAX"
943,#2022-02-02#,5,2,15736.52,783.8496,7,9,15676,"^DAX"
944,#2022-03-07#,5,1,12438.85,-3297.67,23,33,15699,"^DAX"
945,#2022-03-29#,5,2,14925.25,2486.4,16,22,15715,"^DAX"
946,#2022-04-12#,5,1,13887.11,-1038.14,10,14,15725,"^DAX"
947,#2022-04-21#,5,2,14598.11,711,5,9,15730,"^DAX"
948,#2022-05-09#,5,1,13380.67,-1217.44,12,18,15742,"^DAX"
949,#2022-06-06#,5,2,14709.38,1328.71,20,28,15762,"^DAX"
950,#2022-07-05#,5,1,12390.95,-2318.43,21,29,15783,"^DAX"
951,#2022-08-16#,5,2,13947.85,1556.899,30,42,15813,"^DAX"
952,#2022-09-01#,5,1,12603.58,-1344.27,12,16,15825,"^DAX"
953,#2022-09-13#,5,2,13564.83,961.25,8,12,15833,"^DAX"
954,#2022-09-28#,5,1,11862.84,-1701.99,11,15,15844,"^DAX"
955,#2022-12-13#,5,2,14675.84,2813,54,76,15898,"^DAX"
956,#2022-12-20#,5,1,13791.52,-884.3203,5,7,15903,"^DAX"
957,#2023-02-09#,5,2,15658.56,1867.04,36,51,15939,"^DAX"
958,#2023-03-20#,5,1,14458.39,-1200.17,27,39,15966,"^DAX"
959,#2023-05-19#,5,2,16331.94,1873.551,41,60,16007,"^DAX"
