"idx","dateOf","timeCriterium","highOrLow","swingPrice","swingRange","swingTB","swingCD","keyToMarketData","ticker"
1,#1965-01-15#,5,2,278.82,0,0,0,2,"^CAC"
2,#1965-02-19#,5,1,258.46,-20.36002,6,35,8,"^CAC"
3,#1965-04-02#,5,2,279.65,21.19,5,42,13,"^CAC"
4,#1965-07-23#,5,1,246.1,-33.54999,16,112,29,"^CAC"
5,#1966-01-28#,5,2,285.81,39.70999,27,189,56,"^CAC"
6,#1966-10-21#,5,1,224.92,-60.89,37,266,93,"^CAC"
7,#1966-11-25#,5,2,242.69,17.77,5,35,98,"^CAC"
8,#1967-08-04#,5,1,197.17,-45.52,36,252,134,"^CAC"
9,#1967-09-22#,5,2,245.39,48.22,7,49,141,"^CAC"
10,#1968-01-05#,5,1,222.78,-22.61,15,105,156,"^CAC"
11,#1968-05-10#,5,2,264.87,42.09,18,126,174,"^CAC"
12,#1968-07-12#,5,1,223.66,-41.20999,7,63,181,"^CAC"
13,#1968-09-06#,5,2,241.43,17.76999,8,56,189,"^CAC"
14,#1968-11-15#,5,1,227.9,-13.53,10,70,199,"^CAC"
15,#1969-01-21#,5,2,259.84,31.94,20,67,219,"^CAC"
16,#1969-01-28#,5,1,257.87,-1.970001,5,7,224,"^CAC"
17,#1969-02-18#,5,2,283.54,25.67001,15,21,239,"^CAC"
18,#1969-02-26#,5,1,268.64,-14.89999,6,8,245,"^CAC"
19,#1969-03-31#,5,2,309.49,40.84998,23,33,268,"^CAC"
20,#1969-04-15#,5,1,284.49,-25,9,15,277,"^CAC"
21,#1969-05-02#,5,2,315.83,31.34,12,17,289,"^CAC"
22,#1969-05-14#,5,1,303.6,-12.22998,8,12,297,"^CAC"
23,#1969-06-02#,5,2,317.8,14.19998,12,19,309,"^CAC"
24,#1969-07-30#,5,1,275.17,-42.62997,41,58,350,"^CAC"
25,#1969-08-11#,5,2,306.56,31.38998,8,12,358,"^CAC"
26,#1969-08-27#,5,1,288.77,-17.79001,11,16,369,"^CAC"
27,#1969-09-04#,5,2,293.53,4.76001,6,8,375,"^CAC"
28,#1969-09-15#,5,1,285.32,-8.209991,7,11,382,"^CAC"
29,#1969-11-03#,5,2,308.96,23.63998,35,49,417,"^CAC"
30,#1969-11-26#,5,1,296.28,-12.67999,16,23,433,"^CAC"
31,#1970-01-06#,5,2,316.34,20.06,28,41,461,"^CAC"
32,#1970-01-13#,5,1,313.98,-2.359985,5,7,466,"^CAC"
33,#1970-01-29#,5,2,325.33,11.34998,12,16,478,"^CAC"
34,#1970-03-24#,5,1,303.63,-21.69998,38,54,516,"^CAC"
35,#1970-04-07#,5,2,308.78,5.149994,8,14,524,"^CAC"
36,#1970-07-07#,5,1,270.03,-38.75,63,91,587,"^CAC"
37,#1970-08-03#,5,2,290.42,20.39001,17,27,604,"^CAC"
38,#1970-08-12#,5,1,285.01,-5.410004,7,9,611,"^CAC"
39,#1970-08-25#,5,2,293.62,8.609985,9,13,620,"^CAC"
40,#1970-09-21#,5,1,280.45,-13.16998,19,27,639,"^CAC"
41,#1970-10-06#,5,2,289.63,9.179993,11,15,650,"^CAC"
42,#1970-11-02#,5,1,281.28,-8.350006,19,27,669,"^CAC"
43,#1970-11-10#,5,2,288,6.720001,6,8,675,"^CAC"
44,#1970-12-08#,5,1,280.19,-7.809998,20,28,695,"^CAC"
45,#1971-01-27#,5,2,300.23,20.04001,34,50,729,"^CAC"
46,#1971-03-03#,5,1,293.51,-6.720001,22,35,751,"^CAC"
47,#1971-03-10#,5,2,295.94,2.429993,5,7,756,"^CAC"
48,#1971-03-23#,5,1,289.16,-6.779999,9,13,765,"^CAC"
49,#1971-04-07#,5,2,297.71,8.549988,11,15,776,"^CAC"
50,#1971-05-06#,5,1,290.17,-7.539978,19,29,795,"^CAC"
51,#1971-06-01#,5,2,302.63,12.45999,17,26,812,"^CAC"
52,#1971-06-11#,5,1,298.08,-4.550018,8,10,820,"^CAC"
53,#1971-06-18#,5,2,298.94,.8600159,5,7,825,"^CAC"
54,#1971-07-20#,5,1,293.73,-5.209991,22,32,847,"^CAC"
55,#1971-08-02#,5,2,302.69,8.959991,8,13,855,"^CAC"
56,#1971-10-11#,5,1,256.93,-45.76001,49,70,904,"^CAC"
57,#1971-10-19#,5,2,265.55,8.619995,6,8,910,"^CAC"
58,#1971-11-08#,5,1,241.14,-24.40999,13,20,923,"^CAC"
59,#1971-12-03#,5,2,267.21,26.06999,19,25,942,"^CAC"
60,#1971-12-23#,5,1,259.11,-8.100006,14,20,956,"^CAC"
61,#1972-01-07#,5,2,275.31,16.20001,11,15,967,"^CAC"
62,#1972-01-17#,5,1,268.14,-7.169983,6,10,973,"^CAC"
63,#1972-01-28#,5,2,273.75,5.609985,9,11,982,"^CAC"
64,#1972-02-09#,5,1,269.49,-4.26001,8,12,990,"^CAC"
65,#1972-03-02#,5,2,289.11,19.62,16,22,1006,"^CAC"
66,#1972-03-15#,5,1,283.9,-5.209991,8,13,1014,"^CAC"
67,#1972-04-20#,5,2,320.99,37.09,23,36,1037,"^CAC"
68,#1972-04-28#,5,1,314.82,-6.169983,5,8,1042,"^CAC"
69,#1972-05-26#,5,2,333.25,18.42999,17,28,1059,"^CAC"
70,#1972-06-26#,5,1,309.38,-23.87,21,31,1080,"^CAC"
71,#1972-08-25#,5,2,345,35.62,41,60,1121,"^CAC"
72,#1972-09-19#,5,1,335.93,-9.070007,17,25,1138,"^CAC"
73,#1972-10-05#,5,2,346.32,10.39001,12,16,1150,"^CAC"
74,#1972-10-18#,5,1,335.17,-11.14999,9,13,1159,"^CAC"
75,#1972-10-27#,5,2,340.54,5.369995,7,9,1166,"^CAC"
76,#1972-11-06#,5,1,327.54,-13,5,10,1171,"^CAC"
77,#1972-11-13#,5,2,343.37,15.82999,5,7,1176,"^CAC"
78,#1972-12-18#,5,1,302.02,-41.35001,25,35,1201,"^CAC"
79,#1973-01-24#,5,2,331.45,29.43002,25,37,1226,"^CAC"
80,#1973-02-12#,5,1,312.87,-18.58002,13,19,1239,"^CAC"
81,#1973-04-11#,5,2,361.66,48.79001,38,58,1277,"^CAC"
82,#1973-04-18#,5,1,356.08,-5.580017,5,7,1282,"^CAC"
83,#1973-05-07#,5,2,379,22.92001,10,19,1292,"^CAC"
84,#1973-05-16#,5,1,362.7,-16.29999,7,9,1299,"^CAC"
85,#1973-05-28#,5,2,374.5,11.79999,8,12,1307,"^CAC"
86,#1973-06-05#,5,1,355.05,-19.45001,5,8,1312,"^CAC"
87,#1973-06-25#,5,2,363.44,8.390015,13,20,1325,"^CAC"
88,#1973-07-19#,5,1,333.16,-30.28,18,24,1343,"^CAC"
89,#1973-08-01#,5,2,342.67,9.51001,9,13,1352,"^CAC"
90,#1973-08-22#,5,1,324.97,-17.70001,14,21,1366,"^CAC"
91,#1973-09-14#,5,2,331.57,6.600006,17,23,1383,"^CAC"
92,#1973-09-21#,5,1,323.21,-8.360016,5,7,1388,"^CAC"
93,#1973-10-29#,5,2,342.73,19.52002,26,38,1414,"^CAC"
94,#1973-12-10#,5,1,277.58,-65.15002,28,42,1442,"^CAC"
95,#1974-01-24#,5,2,325.32,47.74002,29,45,1471,"^CAC"
96,#1974-02-08#,5,1,307.64,-17.67999,11,15,1482,"^CAC"
97,#1974-03-07#,5,2,316.52,8.879974,19,27,1501,"^CAC"
98,#1974-07-04#,5,1,230.94,-85.57999,55,119,1556,"^CAC"
99,#1974-07-26#,5,2,253.22,22.28,16,22,1572,"^CAC"
100,#1974-08-06#,5,1,244.06,-9.160004,7,11,1579,"^CAC"
101,#1974-08-13#,5,2,246.89,2.830002,5,7,1584,"^CAC"
102,#1974-09-27#,5,1,189.27,-57.62,32,45,1616,"^CAC"
103,#1974-10-16#,5,2,207.63,18.36,13,19,1629,"^CAC"
104,#1974-10-25#,5,1,196.06,-11.57001,7,9,1636,"^CAC"
105,#1974-11-22#,5,2,205.99,9.930008,18,28,1654,"^CAC"
106,#1974-12-18#,5,1,197.72,-8.270004,17,26,1671,"^CAC"
107,#1975-02-10#,5,2,248.69,50.97,36,54,1707,"^CAC"
108,#1975-02-18#,5,1,237.46,-11.23,6,8,1713,"^CAC"
109,#1975-04-23#,5,2,280.71,43.24998,44,64,1757,"^CAC"
110,#1975-06-30#,5,1,246.32,-34.38998,44,68,1801,"^CAC"
111,#1975-07-29#,5,2,264.34,18.01999,20,29,1821,"^CAC"
112,#1975-08-06#,5,1,259.08,-5.26001,6,8,1827,"^CAC"
113,#1975-09-04#,5,2,266.4,7.320007,20,29,1847,"^CAC"
114,#1975-09-17#,5,1,253.83,-12.56999,9,13,1856,"^CAC"
115,#1975-10-27#,5,2,263,9.169998,27,40,1883,"^CAC"
116,#1975-11-03#,5,1,259.04,-3.959991,5,7,1888,"^CAC"
117,#1975-11-12#,5,2,264.63,5.589996,7,9,1895,"^CAC"
118,#1975-11-20#,5,1,261.88,-2.75,6,8,1901,"^CAC"
119,#1975-12-01#,5,2,274.07,12.19,7,11,1908,"^CAC"
120,#1975-12-23#,5,1,268.01,-6.059998,16,22,1924,"^CAC"
121,#1976-01-09#,5,2,279.45,11.44,11,17,1935,"^CAC"
122,#1976-01-29#,5,1,272.64,-6.809998,14,20,1949,"^CAC"
123,#1976-03-10#,5,2,289.36,16.71997,29,41,1978,"^CAC"
124,#1976-04-21#,5,1,260.08,-29.28,29,42,2007,"^CAC"
125,#1976-04-28#,5,2,264.94,4.860016,5,7,2012,"^CAC"
126,#1976-05-17#,5,1,257.03,-7.910004,13,19,2025,"^CAC"
127,#1976-06-03#,5,2,267.43,10.39999,12,17,2037,"^CAC"
128,#1976-06-11#,5,1,261.4,-6.029999,5,8,2042,"^CAC"
129,#1976-06-21#,5,2,264.46,3.059998,6,10,2048,"^CAC"
130,#1976-07-26#,5,1,243.94,-20.51999,24,35,2072,"^CAC"
131,#1976-08-03#,5,2,248.93,4.98999,6,8,2078,"^CAC"
132,#1976-08-23#,5,1,240.94,-7.98999,13,20,2091,"^CAC"
133,#1976-08-30#,5,2,247.73,6.789993,5,7,2096,"^CAC"
134,#1976-10-26#,5,1,209.44,-38.28999,41,57,2137,"^CAC"
135,#1976-11-15#,5,2,218.96,9.520004,13,20,2150,"^CAC"
136,#1976-12-01#,5,1,206,-12.96001,12,16,2162,"^CAC"
137,#1977-01-06#,5,2,231.83,25.83,26,36,2188,"^CAC"
138,#1977-02-24#,5,1,212.03,-19.8,35,49,2223,"^CAC"
139,#1977-03-08#,5,2,217.71,5.680008,8,12,2231,"^CAC"
140,#1977-05-10#,5,1,177.65,-40.06001,43,63,2274,"^CAC"
141,#1977-06-27#,5,2,207.54,29.89,30,48,2304,"^CAC"
142,#1977-07-19#,5,1,194.59,-12.95,16,22,2320,"^CAC"
143,#1977-09-05#,5,2,213.91,19.32001,33,48,2353,"^CAC"
144,#1977-09-12#,5,1,206.18,-7.730011,5,7,2358,"^CAC"
145,#1977-09-29#,5,2,223.96,17.78001,13,17,2371,"^CAC"
146,#1977-10-06#,5,1,218.25,-5.710007,5,7,2376,"^CAC"
147,#1977-10-21#,5,2,227.71,9.460007,11,15,2387,"^CAC"
148,#1977-11-15#,5,1,219.37,-8.340012,15,25,2402,"^CAC"
149,#1977-11-22#,5,2,222.93,3.559998,5,7,2407,"^CAC"
150,#1978-02-06#,5,1,191.14,-31.78999,48,76,2455,"^CAC"
151,#1978-03-02#,5,2,209.26,18.12,17,24,2472,"^CAC"
152,#1978-03-09#,5,1,201.52,-7.73999,5,7,2477,"^CAC"
153,#1978-04-26#,5,2,268.89,67.37001,32,48,2509,"^CAC"
154,#1978-05-16#,5,1,256.26,-12.63,11,20,2520,"^CAC"
155,#1978-06-01#,5,2,274.29,18.03,12,16,2532,"^CAC"
156,#1978-06-28#,5,1,260.22,-14.07001,19,27,2551,"^CAC"
157,#1978-08-03#,5,2,300.13,39.91,25,36,2576,"^CAC"
158,#1978-08-21#,5,1,293.24,-6.890015,10,18,2586,"^CAC"
159,#1978-08-28#,5,2,297.75,4.51001,5,7,2591,"^CAC"
160,#1978-09-04#,5,1,288.65,-9.100006,5,7,2596,"^CAC"
161,#1978-10-02#,5,2,328.57,39.92001,20,28,2616,"^CAC"
162,#1978-11-08#,5,1,309.42,-19.14999,27,37,2643,"^CAC"
163,#1978-11-20#,5,2,312.65,3.22998,8,12,2651,"^CAC"
164,#1978-11-27#,5,1,305.02,-7.630005,5,7,2656,"^CAC"
165,#1978-12-08#,5,2,316.99,11.97,9,11,2665,"^CAC"
166,#1978-12-18#,5,1,302.25,-14.73999,6,10,2671,"^CAC"
167,#1978-12-26#,5,2,311.85,9.600006,5,8,2676,"^CAC"
168,#1979-01-03#,5,1,304.46,-7.390015,6,8,2682,"^CAC"
169,#1979-01-15#,5,2,320.01,15.55002,8,12,2690,"^CAC"
170,#1979-02-19#,5,1,290.08,-29.93002,25,35,2715,"^CAC"
171,#1979-05-02#,5,2,324.97,34.89001,24,72,2739,"^CAC"
172,#1979-05-15#,5,1,311.06,-13.91,9,13,2748,"^CAC"
173,#1979-06-28#,5,2,337.82,26.76001,30,44,2778,"^CAC"
174,#1979-07-06#,5,1,329.27,-8.550018,6,8,2784,"^CAC"
175,#1979-10-08#,5,2,400.7,71.43002,65,94,2849,"^CAC"
176,#1979-11-08#,5,1,343.62,-57.08002,22,31,2871,"^CAC"
177,#1979-11-27#,5,2,370.37,26.75,13,19,2884,"^CAC"
178,#1980-01-03#,5,1,342.19,-28.17999,23,37,2907,"^CAC"
179,#1980-02-21#,5,2,406.22,64.03,35,49,2942,"^CAC"
180,#1980-04-01#,5,1,358.16,-48.06,28,40,2970,"^CAC"
181,#1980-04-14#,5,2,371.34,13.17999,7,13,2977,"^CAC"
182,#1980-04-25#,5,1,363.55,-7.790009,9,11,2986,"^CAC"
183,#1980-05-27#,5,2,389.42,25.87003,19,32,3005,"^CAC"
184,#1980-06-04#,5,1,381.38,-8.040009,6,8,3011,"^CAC"
185,#1980-06-26#,5,2,389.58,8.199982,16,22,3027,"^CAC"
186,#1980-07-18#,5,1,376.03,-13.54999,16,22,3043,"^CAC"
187,#1980-09-15#,5,2,400.6,24.57001,39,59,3082,"^CAC"
188,#1980-09-23#,5,1,389.46,-11.14001,6,8,3088,"^CAC"
189,#1980-11-05#,5,2,426.29,36.83002,29,43,3117,"^CAC"
190,#1981-01-12#,5,1,367.04,-59.25,45,68,3162,"^CAC"
191,#1981-01-20#,5,2,376.91,9.869995,6,8,3168,"^CAC"
192,#1981-02-02#,5,1,360.11,-16.80002,9,13,3177,"^CAC"
193,#1981-02-09#,5,2,379.33,19.22,5,7,3182,"^CAC"
194,#1981-02-16#,5,1,375.04,-4.289978,5,7,3187,"^CAC"
195,#1981-03-17#,5,2,396.91,21.87,21,29,3208,"^CAC"
196,#1981-04-07#,5,1,380.02,-16.89001,15,21,3223,"^CAC"
197,#1981-04-24#,5,2,393.76,13.74002,11,17,3234,"^CAC"
198,#1981-06-15#,5,1,272.26,-121.5,32,52,3266,"^CAC"
199,#1981-06-24#,5,2,291.83,19.56998,7,9,3273,"^CAC"
200,#1981-07-03#,5,1,258.68,-33.14999,7,9,3280,"^CAC"
201,#1981-09-10#,5,2,345.62,86.94,48,69,3328,"^CAC"
202,#1981-09-28#,5,1,317.16,-28.45999,12,18,3340,"^CAC"
203,#1981-10-09#,5,2,329.35,12.19,9,11,3349,"^CAC"
204,#1981-11-11#,5,1,304.42,-24.92999,22,33,3371,"^CAC"
205,#1981-12-07#,5,2,325.67,21.25,18,26,3389,"^CAC"
206,#1981-12-14#,5,1,320.09,-5.580017,5,7,3394,"^CAC"
207,#1982-02-22#,5,2,390.39,70.30002,48,70,3442,"^CAC"
208,#1982-03-12#,5,1,359.78,-30.61002,14,18,3456,"^CAC"
209,#1982-05-12#,5,2,393.04,33.26001,41,61,3497,"^CAC"
210,#1982-07-07#,5,1,343.03,-50.01001,38,56,3535,"^CAC"
211,#1982-07-22#,5,2,352.73,9.700012,11,15,3546,"^CAC"
212,#1982-08-12#,5,1,331.01,-21.72,15,21,3561,"^CAC"
213,#1982-08-31#,5,2,356.35,25.34,12,19,3573,"^CAC"
214,#1982-10-05#,5,1,346.64,-9.709991,25,35,3598,"^CAC"
215,#1982-10-12#,5,2,360.33,13.68997,5,7,3603,"^CAC"
216,#1982-10-26#,5,1,349.35,-10.97998,10,14,3613,"^CAC"
217,#1982-11-10#,5,2,360.21,10.85999,9,15,3622,"^CAC"
218,#1982-11-22#,5,1,352.02,-8.190002,7,12,3629,"^CAC"
219,#1982-12-03#,5,2,363.89,11.87003,9,11,3638,"^CAC"
220,#1982-12-22#,5,1,350.83,-13.06003,13,19,3651,"^CAC"
221,#1983-04-19#,5,2,427.81,76.98001,82,118,3733,"^CAC"
222,#1983-04-26#,5,1,415.8,-12.01001,5,7,3738,"^CAC"
223,#1983-05-26#,5,2,447.87,32.07001,20,30,3758,"^CAC"
224,#1983-06-21#,5,1,423.77,-24.10001,18,26,3776,"^CAC"
225,#1983-08-25#,5,2,485.89,62.12003,43,65,3819,"^CAC"
226,#1983-09-02#,5,1,469.18,-16.71002,6,8,3825,"^CAC"
227,#1984-01-25#,5,2,618,148.82,101,145,3926,"^CAC"
228,#1984-02-20#,5,1,562.18,-55.82001,18,26,3944,"^CAC"
229,#1984-02-27#,5,2,579.31,17.13,5,7,3949,"^CAC"
230,#1984-03-12#,5,1,563.99,-15.32001,10,14,3959,"^CAC"
231,#1984-05-02#,5,2,640.82,76.83002,35,51,3994,"^CAC"
232,#1984-06-18#,5,1,581.73,-59.09003,30,47,4024,"^CAC"
233,#1984-07-05#,5,2,608.5,26.77002,13,17,4037,"^CAC"
234,#1984-07-20#,5,1,560.11,-48.39001,11,15,4048,"^CAC"
235,#1984-08-10#,5,2,574.79,14.67999,15,21,4063,"^CAC"
236,#1984-08-17#,5,1,572.01,-2.779968,5,7,4068,"^CAC"
237,#1984-10-26#,5,2,645.92,73.90997,50,70,4118,"^CAC"
238,#1984-11-19#,5,1,634.39,-11.52997,14,24,4132,"^CAC"
239,#1984-12-05#,5,2,643.37,8.97998,11,16,4143,"^CAC"
240,#1984-12-18#,5,1,630.35,-13.02002,9,13,4152,"^CAC"
241,#1985-01-28#,5,2,692,61.65002,26,41,4178,"^CAC"
242,#1985-02-04#,5,1,688.62,-3.380005,5,7,4183,"^CAC"
243,#1985-03-13#,5,2,735.35,46.72998,27,37,4210,"^CAC"
244,#1985-03-20#,5,1,725.07,-10.27997,5,7,4215,"^CAC"
245,#1985-04-12#,5,2,776.01,50.94,16,23,4231,"^CAC"
246,#1985-04-23#,5,1,751.01,-25,7,11,4238,"^CAC"
247,#1985-05-31#,5,2,822.41,71.39996,25,38,4263,"^CAC"
248,#1985-07-31#,5,1,749.33,-73.07996,41,61,4304,"^CAC"
249,#1985-08-12#,5,2,766.89,17.56,8,12,4312,"^CAC"
250,#1985-08-23#,5,1,753.98,-12.91003,8,11,4320,"^CAC"
251,#1985-09-02#,5,2,787.65,33.67004,6,10,4326,"^CAC"
252,#1985-10-07#,5,1,723.59,-64.06,25,35,4351,"^CAC"
253,#1986-02-24#,5,2,1143.94,420.3499,96,140,4447,"^CAC"
254,#1986-03-03#,5,1,1068.18,-75.75989,5,7,4452,"^CAC"
255,#1986-05-15#,5,2,1452.82,384.6399,51,73,4503,"^CAC"
256,#1986-06-06#,5,1,1189.96,-262.86,15,22,4518,"^CAC"
257,#1986-07-11#,5,2,1319.92,129.9601,25,35,4543,"^CAC"
258,#1986-07-22#,5,1,1283.79,-36.13,6,11,4549,"^CAC"
259,#1986-09-01#,5,2,1455.48,171.6899,28,41,4577,"^CAC"
260,#1986-09-18#,5,1,1314.22,-141.26,13,17,4590,"^CAC"
261,#1986-09-25#,5,2,1373.07,58.84998,5,7,4595,"^CAC"
262,#1986-10-21#,5,1,1292.46,-80.60999,18,26,4613,"^CAC"
263,#1986-12-15#,5,2,1461.35,168.89,38,55,4651,"^CAC"
264,#1987-01-02#,5,1,1382.74,-78.60999,12,18,4663,"^CAC"
265,#1987-03-26#,5,2,1624.47,241.73,59,83,4722,"^CAC"
266,#1987-04-14#,5,1,1568.15,-56.31995,13,19,4735,"^CAC"
267,#1987-05-08#,5,2,1616.34,48.18994,15,24,4750,"^CAC"
268,#1987-06-25#,5,1,1403.58,-212.76,32,48,4782,"^CAC"
269,#1987-07-29#,5,2,1494.49,90.91003,21,34,4803,"^CAC"
270,#1987-08-12#,5,1,1450.81,-43.67993,10,14,4813,"^CAC"
271,#1987-09-04#,5,2,1560.7,109.8899,17,23,4830,"^CAC"
272,#1988-01-29#,5,1,893.82,-666.8799,100,147,4930,"^CAC"
273,#1988-02-25#,5,2,1122.62,228.8,19,27,4949,"^CAC"
274,#1988-03-28#,5,1,1015.17,-107.45,22,32,4971,"^CAC"
275,#1988-05-04#,5,2,1144.82,129.65,25,37,4996,"^CAC"
276,#1988-05-19#,5,1,1113.77,-31.04993,10,15,5006,"^CAC"
277,#1988-06-09#,5,2,1295.59,181.8199,14,21,5020,"^CAC"
278,#1988-06-21#,5,1,1259.27,-36.31995,8,12,5028,"^CAC"
279,#1988-07-07#,5,2,1371.22,111.95,12,16,5040,"^CAC"
280,#1988-07-19#,5,1,1275.52,-95.69995,7,12,5047,"^CAC"
281,#1988-08-02#,5,2,1331.93,56.41003,10,14,5057,"^CAC"
282,#1988-09-01#,5,1,1277.76,-54.17004,21,30,5078,"^CAC"
283,#1988-11-04#,5,2,1505.24,227.48,44,64,5122,"^CAC"
284,#1988-11-22#,5,1,1455.7,-49.54004,11,18,5133,"^CAC"
285,#1989-02-08#,5,2,1702.09,246.39,53,78,5186,"^CAC"
286,#1989-02-27#,5,1,1541.01,-161.08,13,19,5199,"^CAC"
287,#1989-04-19#,5,2,1706.65,165.64,35,51,5234,"^CAC"
288,#1989-05-11#,5,1,1655.74,-50.91003,13,22,5247,"^CAC"
289,#1989-06-02#,5,2,1764.79,109.05,15,22,5262,"^CAC"
290,#1989-06-19#,5,1,1719.04,-45.75,11,17,5273,"^CAC"
291,#1989-10-10#,5,2,1961.74,242.7,79,113,5352,"^CAC"
292,#1989-11-06#,5,1,1782.92,-178.8199,18,27,5370,"^CAC"
293,#1989-12-12#,5,2,1972.01,189.09,26,36,5396,"^CAC"
294,#1989-12-19#,5,1,1932.02,-39.98999,5,7,5401,"^CAC"
295,#1990-01-04#,5,2,2006.42,74.40002,10,16,5411,"^CAC"
296,#1990-01-24#,5,1,1881.73,-124.6901,14,20,5425,"^CAC"
297,#1990-02-05#,5,2,1926.14,44.41003,8,12,5433,"^CAC"
298,#1990-02-26#,5,1,1800.32,-125.8201,15,21,5448,"^CAC"
299,#1990-04-17#,5,2,2141,340.6801,34,50,5482,"^CAC"
300,#1990-04-30#,5,1,2032,-109,9,13,5491,"^CAC"
301,#1990-05-09#,5,2,2134,102,5,9,5496,"^CAC"
302,#1990-05-16#,5,1,2057,-77,5,7,5501,"^CAC"
303,#1990-05-23#,5,2,2141,84,5,7,5506,"^CAC"
304,#1990-06-19#,5,1,1972,-169,17,27,5523,"^CAC"
305,#1990-06-27#,5,2,2059,87,6,8,5529,"^CAC"
306,#1990-07-11#,5,1,1950,-109,10,14,5539,"^CAC"
307,#1990-07-18#,5,2,2036,86,5,7,5544,"^CAC"
308,#1990-08-22#,5,1,1507,-529,24,35,5568,"^CAC"
309,#1990-08-30#,5,2,1747,240,6,8,5574,"^CAC"
310,#1990-09-28#,5,1,1472,-275,21,29,5595,"^CAC"
311,#1990-10-24#,5,2,1682,210,18,26,5613,"^CAC"
312,#1990-11-08#,5,1,1549,-133,10,15,5623,"^CAC"
313,#1990-12-06#,5,2,1709,160,20,28,5643,"^CAC"
314,#1991-01-15#,5,1,1425,-284,24,40,5667,"^CAC"
315,#1991-03-08#,5,2,1855,430,38,52,5705,"^CAC"
316,#1991-03-20#,5,1,1726,-129,8,12,5713,"^CAC"
317,#1991-04-05#,5,2,1859,133,10,16,5723,"^CAC"
318,#1991-04-22#,5,1,1762,-97,11,17,5734,"^CAC"
319,#1991-06-03#,5,2,1877.9,115.9,26,42,5760,"^CAC"
320,#1991-07-05#,5,1,1697.1,-180.8,24,32,5784,"^CAC"
321,#1991-07-24#,5,2,1785.8,88.70007,13,19,5797,"^CAC"
322,#1991-07-31#,5,1,1742.4,-43.40002,5,7,5802,"^CAC"
323,#1991-09-03#,5,2,1878.5,136.1,22,34,5824,"^CAC"
324,#1991-09-10#,5,1,1838,-40.5,5,7,5829,"^CAC"
325,#1991-09-23#,5,2,1897.3,59.30005,9,13,5838,"^CAC"
326,#1991-10-25#,5,1,1825.6,-71.70007,24,32,5862,"^CAC"
327,#1991-11-15#,5,2,1872.4,46.80005,13,21,5875,"^CAC"
328,#1991-12-23#,5,1,1610.2,-262.2001,26,38,5901,"^CAC"
329,#1992-01-15#,5,2,1884.6,274.4,15,23,5916,"^CAC"
330,#1992-01-24#,5,1,1822.7,-61.90002,7,9,5923,"^CAC"
331,#1992-02-27#,5,2,2004.2,181.5,24,34,5947,"^CAC"
332,#1992-03-24#,5,1,1877.5,-126.7,18,26,5965,"^CAC"
333,#1992-05-11#,5,2,2080.8,203.3,30,48,5995,"^CAC"
334,#1992-07-24#,5,1,1715.4,-365.4,50,74,6045,"^CAC"
335,#1992-08-05#,5,2,1810.4,95,8,12,6053,"^CAC"
336,#1992-08-25#,5,1,1640.9,-169.5,14,20,6067,"^CAC"
337,#1992-09-18#,5,2,1893.6,252.7,18,24,6085,"^CAC"
338,#1992-10-05#,5,1,1577.7,-315.9,11,17,6096,"^CAC"
339,#1992-11-12#,5,2,1831.2,253.5,26,38,6122,"^CAC"
340,#1992-11-24#,5,1,1660.4,-170.7999,8,12,6130,"^CAC"
341,#1992-12-10#,5,2,1806.6,146.2,12,16,6142,"^CAC"
342,#1992-12-17#,5,1,1707.1,-99.5,5,7,6147,"^CAC"
343,#1992-12-29#,5,2,1874.2,167.1,7,12,6154,"^CAC"
344,#1993-01-28#,5,1,1755.9,-118.2999,21,30,6175,"^CAC"
345,#1993-03-01#,5,2,2020,264.1,22,32,6197,"^CAC"
346,#1993-03-22#,5,1,1927.2,-92.80005,15,21,6212,"^CAC"
347,#1993-03-30#,5,2,2050.1,122.9001,6,8,6218,"^CAC"
348,#1993-05-17#,5,1,1821.3,-228.8,32,48,6250,"^CAC"
349,#1993-05-27#,5,2,1915.7,94.3999,6,10,6256,"^CAC"
350,#1993-06-07#,5,1,1853.3,-62.3999,6,11,6262,"^CAC"
351,#1993-07-13#,5,2,2003.3,150,26,36,6288,"^CAC"
352,#1993-07-22#,5,1,1932.4,-70.90002,6,9,6294,"^CAC"
353,#1993-08-12#,5,2,2179,246.6,15,21,6309,"^CAC"
354,#1993-08-23#,5,1,2103.3,-75.69995,6,11,6315,"^CAC"
355,#1993-08-31#,5,2,2222.9,119.5999,6,8,6321,"^CAC"
356,#1993-09-23#,5,1,2052,-170.8999,17,23,6338,"^CAC"
357,#1993-10-06#,5,2,2179.1,127.1001,9,13,6347,"^CAC"
358,#1993-10-14#,5,1,2102.8,-76.30005,6,8,6353,"^CAC"
359,#1993-10-25#,5,2,2240.2,137.3999,7,11,6360,"^CAC"
360,#1993-11-05#,5,1,2068.3,-171.8999,8,11,6368,"^CAC"
361,#1994-01-11#,5,2,2349.2,280.8999,46,67,6414,"^CAC"
362,#1994-01-18#,5,1,2217.8,-131.3999,5,7,6419,"^CAC"
363,#1994-02-02#,5,2,2361,143.2,11,15,6430,"^CAC"
364,#1994-03-02#,5,1,2079.9,-281.1001,20,28,6450,"^CAC"
365,#1994-03-17#,5,2,2260.6,180.7002,10,15,6460,"^CAC"
366,#1994-04-05#,5,1,2057.2,-203.4001,11,19,6471,"^CAC"
367,#1994-05-02#,5,2,2197.8,140.6001,19,27,6490,"^CAC"
368,#1994-05-09#,5,1,2123.5,-74.30005,5,7,6495,"^CAC"
369,#1994-05-18#,5,2,2217.7,94.19995,6,9,6501,"^CAC"
370,#1994-06-01#,5,1,1972.2,-245.5,9,14,6510,"^CAC"
371,#1994-06-08#,5,2,2060.4,88.19995,5,7,6515,"^CAC"
372,#1994-06-20#,5,1,1856.3,-204.0999,8,12,6523,"^CAC"
373,#1994-08-03#,5,2,2125.5,269.2,30,44,6553,"^CAC"
374,#1994-10-25#,5,1,1796.8,-328.7,58,83,6611,"^CAC"
375,#1994-11-16#,5,2,1964.2,167.3999,13,22,6624,"^CAC"
376,#1994-11-23#,5,1,1872.3,-91.8999,5,7,6629,"^CAC"
377,#1994-12-05#,5,2,2003.2,130.8999,8,12,6637,"^CAC"
378,#1994-12-13#,5,1,1903.9,-99.29993,6,8,6643,"^CAC"
379,#1994-12-26#,5,2,1969.8,65.90002,9,13,6652,"^CAC"
380,#1995-01-23#,5,1,1764.4,-205.4,19,28,6671,"^CAC"
381,#1995-02-10#,5,2,1887.8,123.4,14,18,6685,"^CAC"
382,#1995-03-13#,5,1,1711.8,-176,21,31,6706,"^CAC"
383,#1995-04-10#,5,2,1908.2,196.3999,20,28,6726,"^CAC"
384,#1995-04-19#,5,1,1843.1,-65.09998,5,9,6731,"^CAC"
385,#1995-05-12#,5,2,2025.2,182.1,15,23,6746,"^CAC"
386,#1995-05-29#,5,1,1915.1,-110.1,10,17,6756,"^CAC"
387,#1995-06-07#,5,2,1983.6,68.5,6,9,6762,"^CAC"
388,#1995-06-30#,5,1,1850.7,-132.9,17,23,6779,"^CAC"
389,#1995-07-11#,5,2,1972.6,121.9,7,11,6786,"^CAC"
390,#1995-07-20#,5,1,1901.6,-71,6,9,6792,"^CAC"
391,#1995-08-02#,5,2,1964.7,63.09998,9,13,6801,"^CAC"
392,#1995-08-10#,5,1,1931,-33.69995,6,8,6807,"^CAC"
393,#1995-08-21#,5,2,1989.4,58.40002,5,11,6812,"^CAC"
394,#1995-09-29#,5,1,1747.5,-241.9,29,39,6841,"^CAC"
395,#1995-10-13#,5,2,1830.5,83,10,14,6851,"^CAC"
396,#1995-10-23#,5,1,1713.3,-117.2,6,10,6857,"^CAC"
397,#1995-11-16#,5,2,1910,196.7,17,24,6874,"^CAC"
398,#1995-12-04#,5,1,1766.6,-143.4,12,18,6886,"^CAC"
399,#1996-01-04#,5,2,1952.6,186,21,31,6907,"^CAC"
400,#1996-01-11#,5,1,1891.1,-61.5,5,7,6912,"^CAC"
401,#1996-02-01#,5,2,2032.4,141.3,15,21,6927,"^CAC"
402,#1996-02-20#,5,1,1914,-118.4,13,19,6940,"^CAC"
403,#1996-05-02#,5,2,2164.2,250.2,49,72,6989,"^CAC"
404,#1996-05-10#,5,1,2074.6,-89.59985,5,8,6994,"^CAC"
405,#1996-05-28#,5,2,2146.4,71.7998,10,18,7004,"^CAC"
406,#1996-06-20#,5,1,2073.1,-73.2998,17,23,7021,"^CAC"
407,#1996-06-28#,5,2,2128.8,55.69995,6,8,7027,"^CAC"
408,#1996-07-24#,5,1,1939.6,-189.2001,18,26,7045,"^CAC"
409,#1996-08-05#,5,2,2031.5,91.90002,8,12,7053,"^CAC"
410,#1996-08-12#,5,1,1970.2,-61.30005,5,7,7058,"^CAC"
411,#1996-08-22#,5,2,2026.5,56.30005,6,10,7064,"^CAC"
412,#1996-09-03#,5,1,1949.7,-76.80005,8,12,7072,"^CAC"
413,#1996-09-16#,5,2,2091.5,141.8,9,13,7081,"^CAC"
414,#1996-09-23#,5,1,2063.3,-28.19995,5,7,7086,"^CAC"
415,#1996-10-21#,5,2,2190.8,127.5,20,28,7106,"^CAC"
416,#1996-10-29#,5,1,2116.8,-74,6,8,7112,"^CAC"
417,#1996-12-03#,5,2,2358.7,241.8999,23,35,7135,"^CAC"
418,#1996-12-13#,5,1,2171.6,-187.0999,8,10,7143,"^CAC"
419,#1997-03-11#,5,2,2736.7,565.0999,60,88,7203,"^CAC"
420,#1997-03-20#,5,1,2541.5,-195.2,7,9,7210,"^CAC"
421,#1997-03-27#,5,2,2687.5,146,5,7,7215,"^CAC"
422,#1997-04-22#,5,1,2487.8,-199.7,16,26,7231,"^CAC"
423,#1997-05-16#,5,2,2804.5,316.7,16,24,7247,"^CAC"
424,#1997-06-02#,5,1,2498.8,-305.7,10,17,7257,"^CAC"
425,#1997-07-31#,5,2,3107.3,608.5,42,59,7299,"^CAC"
426,#1997-08-29#,5,1,2764.1,-343.2,20,29,7319,"^CAC"
427,#1997-09-05#,5,2,2966,201.8999,5,7,7324,"^CAC"
428,#1997-09-12#,5,1,2828,-138,5,7,7329,"^CAC"
429,#1997-10-03#,5,2,3114,286,15,21,7344,"^CAC"
430,#1997-10-10#,5,1,2906.8,-207.2,5,7,7349,"^CAC"
431,#1998-01-05#,5,2,3075.3,168.5,57,87,7406,"^CAC"
432,#1998-01-12#,5,1,2809.7,-265.6001,5,7,7411,"^CAC"
433,#1998-04-07#,5,2,3992.2,1182.5,61,85,7472,"^CAC"
434,#1998-04-27#,5,1,3667,-325.2,12,20,7484,"^CAC"
435,#1998-06-08#,5,2,4226.11,559.1099,26,42,7510,"^CAC"
436,#1998-06-15#,5,1,3947.94,-278.1699,5,7,7515,"^CAC"
437,#1998-07-20#,5,2,4404.94,457,23,35,7538,"^CAC"
438,#1998-08-11#,5,1,3786.19,-618.75,16,22,7554,"^CAC"
439,#1998-08-19#,5,2,4159.7,373.5103,6,8,7560,"^CAC"
440,#1998-09-01#,5,1,3516.25,-643.4502,9,13,7569,"^CAC"
441,#1998-09-09#,5,2,3822.91,306.6599,6,8,7575,"^CAC"
442,#1998-10-02#,5,1,2881.21,-941.7,17,23,7592,"^CAC"
443,#1998-11-04#,5,2,3684.65,803.4399,23,33,7615,"^CAC"
444,#1998-11-12#,5,1,3502.76,-181.8899,5,8,7620,"^CAC"
445,#1999-01-06#,5,2,4320.52,817.76,35,55,7655,"^CAC"
446,#1999-01-13#,5,1,3845.77,-474.75,5,7,7660,"^CAC"
447,#1999-02-01#,5,2,4354.29,508.52,13,19,7673,"^CAC"
448,#1999-02-10#,5,1,3954.56,-399.73,7,9,7680,"^CAC"
449,#1999-04-09#,5,2,4416,461.4399,40,58,7720,"^CAC"
450,#1999-04-20#,5,1,4246.77,-169.23,7,11,7727,"^CAC"
451,#1999-05-04#,5,2,4483.94,237.1699,9,14,7736,"^CAC"
452,#1999-05-17#,5,1,4243.22,-240.7197,9,13,7745,"^CAC"
453,#1999-07-05#,5,2,4702.62,459.3999,34,49,7779,"^CAC"
454,#1999-08-06#,5,1,4197.38,-505.2402,23,32,7802,"^CAC"
455,#1999-09-10#,5,2,4773.82,576.4399,25,35,7827,"^CAC"
456,#1999-09-29#,5,1,4499.87,-273.9497,13,19,7840,"^CAC"
457,#1999-10-07#,5,2,4747.92,248.0498,6,8,7846,"^CAC"
458,#1999-10-18#,5,1,4452.93,-294.9897,7,11,7853,"^CAC"
459,#2000-02-09#,5,2,6396.97,1944.04,80,114,7933,"^CAC"
460,#2000-02-22#,5,1,5920.61,-476.3604,9,13,7942,"^CAC"
461,#2000-03-06#,5,2,6590.35,669.7402,9,13,7951,"^CAC"
462,#2000-03-15#,5,1,6144.07,-446.2803,7,9,7958,"^CAC"
463,#2000-03-28#,5,2,6584.37,440.3003,9,13,7967,"^CAC"
464,#2000-04-17#,5,1,5752.44,-831.9302,14,20,7981,"^CAC"
465,#2000-05-08#,5,2,6591.44,839,12,21,7993,"^CAC"
466,#2000-05-24#,5,1,6003.9,-587.54,12,16,8005,"^CAC"
467,#2000-06-02#,5,2,6780.66,776.7603,7,9,8012,"^CAC"
468,#2000-06-30#,5,1,6391.64,-389.02,19,28,8031,"^CAC"
469,#2000-07-17#,5,2,6631.48,239.8398,10,17,8041,"^CAC"
470,#2000-08-03#,5,1,6354.93,-276.5498,13,17,8054,"^CAC"
471,#2000-09-04#,5,2,6944.77,589.8398,22,32,8076,"^CAC"
472,#2000-09-22#,5,1,6085.4,-859.3701,14,18,8090,"^CAC"
473,#2000-10-03#,5,2,6434.5,349.1001,7,11,8097,"^CAC"
474,#2000-10-13#,5,1,5828.14,-606.3599,8,10,8105,"^CAC"
475,#2000-11-06#,5,2,6459.5,631.3599,16,24,8121,"^CAC"
476,#2000-12-04#,5,1,5763.18,-696.3198,20,28,8141,"^CAC"
477,#2000-12-13#,5,2,6126.41,363.23,7,9,8148,"^CAC"
478,#2001-01-10#,5,1,5603.92,-522.4902,17,28,8165,"^CAC"
479,#2001-01-31#,5,2,5999.18,395.2603,15,21,8180,"^CAC"
480,#2001-03-22#,5,1,4804.4,-1194.78,36,50,8216,"^CAC"
481,#2001-05-22#,5,2,5728.52,924.1201,40,61,8256,"^CAC"
482,#2001-07-25#,5,1,4773.17,-955.3501,45,64,8301,"^CAC"
483,#2001-08-02#,5,2,5204.2,431.0303,6,8,8307,"^CAC"
484,#2001-08-20#,5,1,4724.55,-479.6504,12,18,8319,"^CAC"
485,#2001-08-27#,5,2,4963.86,239.3101,5,7,8324,"^CAC"
486,#2001-09-21#,5,1,3463.07,-1500.79,19,25,8343,"^CAC"
487,#2001-11-20#,5,2,4686.62,1223.55,42,60,8385,"^CAC"
488,#2001-11-29#,5,1,4392.67,-293.9502,7,9,8392,"^CAC"
489,#2001-12-06#,5,2,4735.21,342.54,5,7,8397,"^CAC"
490,#2001-12-17#,5,1,4328.77,-406.4399,7,11,8404,"^CAC"
491,#2002-01-04#,5,2,4720.04,391.27,10,18,8414,"^CAC"
492,#2002-01-21#,5,1,4386.39,-333.6499,11,17,8425,"^CAC"
493,#2002-01-29#,5,2,4563.38,176.9897,6,8,8431,"^CAC"
494,#2002-02-07#,5,1,4228.38,-335,7,9,8438,"^CAC"
495,#2002-03-07#,5,2,4670.36,441.98,20,28,8458,"^CAC"
496,#2002-03-15#,5,1,4514.72,-155.6396,6,8,8464,"^CAC"
497,#2002-03-28#,5,2,4696.18,181.46,9,13,8473,"^CAC"
498,#2002-04-08#,5,1,4415.75,-280.4302,5,11,8478,"^CAC"
499,#2002-04-17#,5,2,4653.1,237.3501,7,9,8485,"^CAC"
500,#2002-05-07#,5,1,4239.72,-413.3799,13,20,8498,"^CAC"
501,#2002-05-17#,5,2,4497.46,257.7397,8,10,8506,"^CAC"
502,#2002-07-24#,5,1,2898.6,-1598.86,48,68,8554,"^CAC"
503,#2002-08-23#,5,2,3601.41,702.8098,22,30,8576,"^CAC"
504,#2002-10-10#,5,1,2612.03,-989.3799,34,48,8610,"^CAC"
505,#2002-10-18#,5,2,3236.15,624.1199,6,8,8616,"^CAC"
506,#2002-10-29#,5,1,2962.44,-273.71,7,11,8623,"^CAC"
507,#2002-11-06#,5,2,3310.44,348,6,8,8629,"^CAC"
508,#2002-11-13#,5,1,2979.43,-331.01,5,7,8634,"^CAC"
509,#2002-12-02#,5,2,3393.04,413.6101,13,19,8647,"^CAC"
510,#2002-12-30#,5,1,2984.02,-409.02,18,28,8665,"^CAC"
511,#2003-01-07#,5,2,3232.34,248.3201,5,8,8670,"^CAC"
512,#2003-03-12#,5,1,2401.15,-831.1902,46,64,8716,"^CAC"
513,#2003-03-21#,5,2,2909.96,508.8101,7,9,8723,"^CAC"
514,#2003-03-31#,5,1,2596.83,-313.1299,6,10,8729,"^CAC"
515,#2003-05-07#,5,2,3070.62,473.79,24,37,8753,"^CAC"
516,#2003-05-21#,5,1,2814.34,-256.28,10,14,8763,"^CAC"
517,#2003-06-18#,5,2,3228.6,414.26,20,28,8783,"^CAC"
518,#2003-07-01#,5,1,3008.72,-219.8801,9,13,8792,"^CAC"
519,#2003-07-15#,5,2,3206.03,197.3101,10,14,8802,"^CAC"
520,#2003-07-22#,5,1,3060.5,-145.53,5,7,8807,"^CAC"
521,#2003-07-31#,5,2,3220.55,160.05,7,9,8814,"^CAC"
522,#2003-08-07#,5,1,3105.37,-115.1799,5,7,8819,"^CAC"
523,#2003-09-03#,5,2,3435.79,330.4199,19,27,8838,"^CAC"
524,#2003-09-12#,5,1,3301.54,-134.25,7,9,8845,"^CAC"
525,#2003-09-19#,5,2,3424.26,122.72,5,7,8850,"^CAC"
526,#2003-09-30#,5,1,3110.93,-313.3301,7,11,8857,"^CAC"
527,#2003-10-15#,5,2,3403.76,292.8301,11,15,8868,"^CAC"
528,#2003-10-23#,5,1,3239.05,-164.71,6,8,8874,"^CAC"
529,#2003-11-07#,5,2,3472.83,233.78,11,15,8885,"^CAC"
530,#2003-11-20#,5,1,3287.93,-184.9001,9,13,8894,"^CAC"
531,#2004-01-27#,5,2,3724.29,436.3601,45,68,8939,"^CAC"
532,#2004-02-05#,5,1,3594.71,-129.5801,7,9,8946,"^CAC"
533,#2004-03-05#,5,2,3789.33,194.6201,21,29,8967,"^CAC"
534,#2004-03-24#,5,1,3489.53,-299.8,13,19,8980,"^CAC"
535,#2004-04-26#,5,2,3831.54,342.01,21,33,9001,"^CAC"
536,#2004-05-17#,5,1,3520.61,-310.9299,15,21,9016,"^CAC"
537,#2004-06-28#,5,2,3778.76,258.1499,30,42,9046,"^CAC"
538,#2004-08-16#,5,1,3452.41,-326.3501,35,49,9081,"^CAC"
539,#2004-09-22#,5,2,3740.51,288.1001,27,37,9108,"^CAC"
540,#2004-09-30#,5,1,3634.07,-106.4399,6,8,9114,"^CAC"
541,#2004-10-07#,5,2,3787.39,153.3198,5,7,9119,"^CAC"
542,#2004-10-25#,5,1,3599.37,-188.0198,12,18,9131,"^CAC"
543,#2004-11-15#,5,2,3856.01,256.6399,15,21,9146,"^CAC"
544,#2004-12-09#,5,1,3735.55,-120.46,18,24,9164,"^CAC"
545,#2005-03-07#,5,2,4108,372.45,62,88,9226,"^CAC"
546,#2005-03-23#,5,1,4009.01,-98.98999,12,16,9238,"^CAC"
547,#2005-04-08#,5,2,4143.93,134.9202,10,16,9248,"^CAC"
548,#2005-04-18#,5,1,3930.63,-213.3003,6,10,9254,"^CAC"
549,#2005-06-17#,5,2,4246.43,315.8003,44,60,9298,"^CAC"
550,#2005-06-27#,5,1,4149.95,-96.47998,6,10,9304,"^CAC"
551,#2005-08-10#,5,2,4527.11,377.1597,32,44,9336,"^CAC"
552,#2005-08-29#,5,1,4313.34,-213.77,13,19,9349,"^CAC"
553,#2005-10-04#,5,2,4651.11,337.77,26,36,9375,"^CAC"
554,#2005-10-28#,5,1,4288.15,-362.96,18,24,9393,"^CAC"
555,#2006-01-12#,5,2,4898.04,609.8901,53,76,9446,"^CAC"
556,#2006-01-23#,5,1,4719.33,-178.71,7,11,9453,"^CAC"
557,#2006-02-27#,5,2,5085.2,365.8701,25,35,9478,"^CAC"
558,#2006-03-08#,5,1,4927.59,-157.6104,7,9,9485,"^CAC"
559,#2006-04-03#,5,2,5258.5,330.9102,18,26,9503,"^CAC"
560,#2006-04-12#,5,1,5058.35,-200.1499,7,9,9510,"^CAC"
561,#2006-05-11#,5,2,5329.16,270.8101,18,29,9528,"^CAC"
562,#2006-06-14#,5,1,4564.68,-764.48,24,34,9552,"^CAC"
563,#2006-07-10#,5,2,4989.29,424.6099,18,26,9570,"^CAC"
564,#2006-07-17#,5,1,4710.6,-278.6899,5,7,9575,"^CAC"
565,#2006-09-04#,5,2,5209.06,498.46,35,49,9610,"^CAC"
566,#2006-09-11#,5,1,5018.18,-190.8799,5,7,9615,"^CAC"
567,#2006-10-26#,5,2,5458.21,440.0298,33,45,9648,"^CAC"
568,#2006-11-02#,5,1,5290.27,-167.9399,5,7,9653,"^CAC"
569,#2006-11-16#,5,2,5518.43,228.1602,10,14,9663,"^CAC"
570,#2006-12-01#,5,1,5239.83,-278.6001,11,15,9674,"^CAC"
571,#2006-12-15#,5,2,5553.45,313.6201,10,14,9684,"^CAC"
572,#2006-12-22#,5,1,5453.1,-100.3501,5,7,9689,"^CAC"
573,#2007-01-03#,5,2,5623.66,170.5601,5,12,9694,"^CAC"
574,#2007-01-10#,5,1,5473.47,-150.1899,5,7,9699,"^CAC"
575,#2007-02-26#,5,2,5771.68,298.21,33,47,9732,"^CAC"
576,#2007-03-05#,5,1,5303.29,-468.3901,5,7,9737,"^CAC"
577,#2007-05-23#,5,2,6121.87,818.5801,54,79,9791,"^CAC"
578,#2007-06-08#,5,1,5837.14,-284.73,12,16,9803,"^CAC"
579,#2007-06-20#,5,2,6132.14,295,8,12,9811,"^CAC"
580,#2007-06-27#,5,1,5897.79,-234.3501,5,7,9816,"^CAC"
581,#2007-07-13#,5,2,6156.16,258.3701,12,16,9828,"^CAC"
582,#2007-08-17#,5,1,5217.7,-938.46,25,35,9853,"^CAC"
583,#2007-08-31#,5,2,5686.47,468.77,10,14,9863,"^CAC"
584,#2007-09-10#,5,1,5378.04,-308.4302,6,10,9869,"^CAC"
585,#2007-10-11#,5,2,5882.06,504.02,23,31,9892,"^CAC"
586,#2007-10-22#,5,1,5630.79,-251.27,7,11,9899,"^CAC"
587,#2007-11-01#,5,2,5855.35,224.5601,8,10,9907,"^CAC"
588,#2007-11-21#,5,1,5358.75,-496.6001,14,20,9921,"^CAC"
589,#2007-12-12#,5,2,5795.22,436.4702,15,21,9936,"^CAC"
590,#2007-12-19#,5,1,5465.98,-329.2402,5,7,9941,"^CAC"
591,#2008-01-02#,5,2,5665.93,199.9502,7,14,9948,"^CAC"
592,#2008-01-22#,5,1,4505.14,-1160.79,14,20,9962,"^CAC"
593,#2008-02-04#,5,2,5027.25,522.1099,9,13,9971,"^CAC"
594,#2008-02-11#,5,1,4644.74,-382.5098,5,7,9976,"^CAC"
595,#2008-02-27#,5,2,4992.77,348.0298,12,16,9988,"^CAC"
596,#2008-03-17#,5,1,4416.71,-576.0601,13,19,10001,"^CAC"
597,#2008-04-07#,5,2,4959.97,543.2603,13,21,10014,"^CAC"
598,#2008-04-15#,5,1,4741.06,-218.9102,6,8,10020,"^CAC"
599,#2008-05-19#,5,2,5142.1,401.04,23,34,10043,"^CAC"
600,#2008-07-16#,5,1,4002.87,-1139.23,42,58,10085,"^CAC"
601,#2008-08-12#,5,2,4552.25,549.3799,19,27,10104,"^CAC"
602,#2008-08-21#,5,1,4294.93,-257.3198,7,9,10111,"^CAC"
603,#2008-09-02#,5,2,4558.56,263.6299,8,12,10119,"^CAC"
604,#2008-10-24#,5,1,2959.29,-1599.27,38,52,10157,"^CAC"
605,#2008-11-04#,5,2,3691.09,731.8,7,11,10164,"^CAC"
606,#2008-11-21#,5,1,2838.5,-852.5901,13,17,10177,"^CAC"
607,#2008-12-09#,5,2,3342.84,504.3401,12,18,10189,"^CAC"
608,#2008-12-24#,5,1,3094.69,-248.1501,11,15,10200,"^CAC"
609,#2009-01-06#,5,2,3426.04,331.3501,6,13,10206,"^CAC"
610,#2009-01-23#,5,1,2770.09,-655.95,13,17,10219,"^CAC"
611,#2009-02-06#,5,2,3146.69,376.5999,10,14,10229,"^CAC"
612,#2009-03-09#,5,1,2465.46,-681.23,21,31,10250,"^CAC"
613,#2009-05-07#,5,2,3355.95,890.49,40,59,10290,"^CAC"
614,#2009-05-18#,5,1,3115.27,-240.6799,7,11,10297,"^CAC"
615,#2009-06-02#,5,2,3399.59,284.3201,11,15,10308,"^CAC"
616,#2009-06-23#,5,1,3097.39,-302.2002,15,21,10323,"^CAC"
617,#2009-07-01#,5,2,3233.6,136.2102,6,8,10329,"^CAC"
618,#2009-07-13#,5,1,2957.83,-275.77,8,12,10337,"^CAC"
619,#2009-09-22#,5,2,3856.67,898.8398,51,71,10388,"^CAC"
620,#2009-10-02#,5,1,3627.4,-229.27,8,10,10396,"^CAC"
621,#2009-10-20#,5,2,3913.81,286.4102,12,18,10408,"^CAC"
622,#2009-11-03#,5,1,3549.65,-364.1602,10,14,10418,"^CAC"
623,#2009-11-16#,5,2,3868.16,318.51,9,13,10427,"^CAC"
624,#2009-11-27#,5,1,3610.81,-257.3499,9,11,10436,"^CAC"
625,#2010-01-11#,5,2,4088.18,477.3699,29,45,10465,"^CAC"
626,#2010-02-08#,5,1,3545.91,-542.27,20,28,10485,"^CAC"
627,#2010-04-16#,5,2,4086,540.0901,47,67,10532,"^CAC"
628,#2010-05-25#,5,1,3287.57,-798.4299,27,39,10559,"^CAC"
629,#2010-06-21#,5,2,3759.44,471.8699,19,27,10578,"^CAC"
630,#2010-07-01#,5,1,3321.35,-438.0898,8,10,10586,"^CAC"
631,#2010-08-05#,5,2,3802.94,481.5898,25,35,10611,"^CAC"
632,#2010-08-25#,5,1,3414.84,-388.0999,14,20,10625,"^CAC"
633,#2010-09-21#,5,2,3824.98,410.1399,19,27,10644,"^CAC"
634,#2010-10-05#,5,1,3638.34,-186.6399,10,14,10654,"^CAC"
635,#2010-11-09#,5,2,3961.7,323.3599,25,35,10679,"^CAC"
636,#2010-11-30#,5,1,3591.78,-369.9199,15,21,10694,"^CAC"
637,#2010-12-21#,5,2,3936.06,344.28,15,21,10709,"^CAC"
638,#2011-01-10#,5,1,3790.96,-145.1001,14,20,10723,"^CAC"
639,#2011-02-16#,5,2,4169.87,378.9102,27,37,10750,"^CAC"
640,#2011-03-16#,5,1,3693.94,-475.9302,20,28,10770,"^CAC"
641,#2011-04-07#,5,2,4070.89,376.95,16,22,10786,"^CAC"
642,#2011-04-18#,5,1,3862.4,-208.49,7,11,10793,"^CAC"
643,#2011-05-02#,5,2,4137.97,275.5703,8,14,10801,"^CAC"
644,#2011-05-25#,5,1,3884.55,-253.4202,17,23,10818,"^CAC"
645,#2011-06-01#,5,2,4015.85,131.3,5,7,10823,"^CAC"
646,#2011-06-17#,5,1,3742.31,-273.54,12,16,10835,"^CAC"
647,#2011-07-01#,5,2,4023.59,281.28,10,14,10845,"^CAC"
648,#2011-08-11#,5,1,2891.11,-1132.48,29,41,10874,"^CAC"
649,#2011-09-01#,5,2,3295.54,404.4299,15,21,10889,"^CAC"
650,#2011-09-23#,5,1,2693.21,-602.3301,16,22,10905,"^CAC"
651,#2011-10-28#,5,2,3411.22,718.01,25,35,10930,"^CAC"
652,#2011-11-25#,5,1,2793.22,-618,20,28,10950,"^CAC"
653,#2011-12-07#,5,2,3244.89,451.6699,8,12,10958,"^CAC"
654,#2011-12-19#,5,1,2941.4,-303.49,8,12,10966,"^CAC"
655,#2012-02-09#,5,2,3449.24,507.8401,37,52,11003,"^CAC"
656,#2012-02-16#,5,1,3352.63,-96.61011,5,7,11008,"^CAC"
657,#2012-03-16#,5,2,3600.48,247.8501,21,29,11029,"^CAC"
658,#2012-05-18#,5,1,2970.1,-630.3799,42,63,11071,"^CAC"
659,#2012-07-05#,5,2,3288.51,318.4099,34,48,11105,"^CAC"
660,#2012-07-12#,5,1,3118.48,-170.03,5,7,11110,"^CAC"
661,#2012-08-21#,5,2,3523.85,405.3701,28,40,11138,"^CAC"
662,#2012-08-31#,5,1,3371.74,-152.1101,8,10,11146,"^CAC"
663,#2012-09-14#,5,2,3588.02,216.28,10,14,11156,"^CAC"
664,#2012-10-01#,5,1,3348.62,-239.3999,11,17,11167,"^CAC"
665,#2012-10-18#,5,2,3542.58,193.96,13,17,11180,"^CAC"
666,#2012-10-26#,5,1,3382.36,-160.22,6,8,11186,"^CAC"
667,#2012-11-07#,5,2,3515.87,133.51,8,12,11194,"^CAC"
668,#2012-11-16#,5,1,3341.52,-174.3501,7,9,11201,"^CAC"
669,#2013-01-02#,5,2,3733.93,392.4099,30,47,11231,"^CAC"
670,#2013-01-16#,5,1,3680.61,-53.31982,10,14,11241,"^CAC"
671,#2013-01-30#,5,2,3793.26,112.6499,10,14,11251,"^CAC"
672,#2013-02-07#,5,1,3601.05,-192.21,6,8,11257,"^CAC"
673,#2013-03-14#,5,2,3871.58,270.53,25,35,11282,"^CAC"
674,#2013-04-18#,5,1,3584.38,-287.2002,23,35,11305,"^CAC"
675,#2013-05-28#,5,2,4072.24,487.8601,27,40,11332,"^CAC"
676,#2013-06-24#,5,1,3575.17,-497.0701,19,27,11351,"^CAC"
677,#2013-08-16#,5,2,4123.89,548.7202,39,53,11390,"^CAC"
678,#2013-09-04#,5,1,3927.63,-196.2603,13,19,11403,"^CAC"
679,#2013-09-19#,5,2,4227.21,299.5801,11,15,11414,"^CAC"
680,#2013-10-07#,5,1,4105.67,-121.54,12,18,11426,"^CAC"
681,#2013-11-07#,5,2,4356.28,250.6099,23,31,11449,"^CAC"
682,#2013-12-16#,5,1,4051.25,-305.0298,27,39,11476,"^CAC"
683,#2014-01-02#,5,2,4312.59,261.3398,10,17,11486,"^CAC"
684,#2014-01-14#,5,1,4213.57,-99.02002,8,12,11494,"^CAC"
685,#2014-01-21#,5,2,4351.21,137.6401,5,7,11499,"^CAC"
686,#2014-02-04#,5,1,4080.6,-270.6099,10,14,11509,"^CAC"
687,#2014-03-07#,5,2,4432.5,351.8999,23,31,11532,"^CAC"
688,#2014-03-14#,5,1,4183,-249.5,5,7,11537,"^CAC"
689,#2014-04-04#,5,2,4496.54,313.54,15,21,11552,"^CAC"
690,#2014-04-14#,5,1,4319.28,-177.2603,6,10,11558,"^CAC"
691,#2014-05-28#,5,2,4536.83,217.5503,29,44,11587,"^CAC"
692,#2014-07-10#,5,1,4277.58,-259.25,31,43,11618,"^CAC"
693,#2014-07-24#,5,2,4415.29,137.71,10,14,11628,"^CAC"
694,#2014-08-08#,5,1,4109.31,-305.98,11,15,11639,"^CAC"
695,#2014-09-04#,5,2,4509.58,400.27,19,27,11658,"^CAC"
696,#2014-10-16#,5,1,3789.11,-720.47,30,42,11688,"^CAC"
697,#2014-11-06#,5,2,4275.3,486.1897,15,21,11703,"^CAC"
698,#2014-11-13#,5,1,4153.17,-122.1299,5,7,11708,"^CAC"
699,#2014-12-04#,5,2,4427.74,274.5703,15,21,11723,"^CAC"
700,#2014-12-16#,5,1,3926.34,-501.4001,8,12,11731,"^CAC"
701,#2014-12-29#,5,2,4317.93,391.5901,7,13,11738,"^CAC"
702,#2015-01-06#,5,1,4076.16,-241.7703,5,8,11743,"^CAC"
703,#2015-04-27#,5,2,5283.71,1207.55,77,111,11820,"^CAC"
704,#2015-05-07#,5,1,4874.9,-408.8101,7,10,11827,"^CAC"
705,#2015-05-27#,5,2,5193.77,318.8701,14,20,11841,"^CAC"
706,#2015-06-18#,5,1,4712.97,-480.7998,16,22,11857,"^CAC"
707,#2015-06-26#,5,2,5095.04,382.0698,6,8,11863,"^CAC"
708,#2015-07-08#,5,1,4601.9,-493.1401,8,12,11871,"^CAC"
709,#2015-07-20#,5,2,5184.74,582.8403,8,12,11879,"^CAC"
710,#2015-07-27#,5,1,4924.29,-260.4502,5,7,11884,"^CAC"
711,#2015-08-06#,5,2,5217.8,293.5098,8,10,11892,"^CAC"
712,#2015-08-24#,5,1,4230.49,-987.3096,12,18,11904,"^CAC"
713,#2015-09-09#,5,2,4733.05,502.5596,12,16,11916,"^CAC"
714,#2015-09-29#,5,1,4278.57,-454.48,14,20,11930,"^CAC"
715,#2015-11-06#,5,2,5011.65,733.0801,28,38,11958,"^CAC"
716,#2015-11-16#,5,1,4751.03,-260.6201,6,10,11964,"^CAC"
717,#2015-12-03#,5,2,4975.71,224.6802,13,17,11977,"^CAC"
718,#2016-01-20#,5,1,4084.68,-891.03,32,48,12009,"^CAC"
719,#2016-02-01#,5,2,4422.61,337.9299,8,12,12017,"^CAC"
720,#2016-02-11#,5,1,3892.46,-530.1499,8,10,12025,"^CAC"
721,#2016-03-10#,5,2,4580.97,688.5103,20,28,12045,"^CAC"
722,#2016-04-07#,5,1,4229.12,-351.8501,18,28,12063,"^CAC"
723,#2016-04-21#,5,2,4607.69,378.5698,10,14,12073,"^CAC"
724,#2016-05-06#,5,1,4245.17,-362.52,11,15,12084,"^CAC"
725,#2016-05-31#,5,2,4536.63,291.46,17,25,12101,"^CAC"
726,#2016-06-16#,5,1,4109.82,-426.8101,12,16,12113,"^CAC"
727,#2016-09-08#,5,2,4569.62,459.8003,60,84,12173,"^CAC"
728,#2016-09-16#,5,1,4310.88,-258.7402,6,8,12179,"^CAC"
729,#2016-10-24#,5,2,4579.28,268.3999,26,38,12205,"^CAC"
730,#2016-11-09#,5,1,4344.88,-234.3999,12,16,12217,"^CAC"
731,#2017-01-03#,5,2,4929.6,584.7202,38,55,12255,"^CAC"
732,#2017-02-08#,5,1,4733.82,-195.7803,26,36,12281,"^CAC"
733,#2017-02-15#,5,2,4932.35,198.5303,5,7,12286,"^CAC"
734,#2017-02-24#,5,1,4806.49,-125.8599,7,9,12293,"^CAC"
735,#2017-05-08#,5,2,5442.1,635.6099,48,73,12341,"^CAC"
736,#2017-05-18#,5,1,5238.51,-203.5903,8,10,12349,"^CAC"
737,#2017-06-02#,5,2,5372.97,134.4604,11,15,12360,"^CAC"
738,#2017-07-06#,5,1,5111.16,-261.8101,24,34,12384,"^CAC"
739,#2017-07-13#,5,2,5259.47,148.3101,5,7,12389,"^CAC"
740,#2017-08-29#,5,1,4995.07,-264.4004,33,47,12422,"^CAC"
741,#2017-11-01#,5,2,5536.4,541.3301,46,64,12468,"^CAC"
742,#2017-11-15#,5,1,5267.22,-269.1797,10,14,12478,"^CAC"
743,#2017-11-29#,5,2,5441.69,174.4697,10,14,12488,"^CAC"
744,#2018-01-02#,5,1,5258.66,-183.0298,21,34,12509,"^CAC"
745,#2018-01-23#,5,2,5567.03,308.3696,15,21,12524,"^CAC"
746,#2018-02-09#,5,1,5051.21,-515.8198,13,17,12537,"^CAC"
747,#2018-02-27#,5,2,5363.52,312.3101,12,18,12549,"^CAC"
748,#2018-03-28#,5,1,5038.12,-325.3999,21,29,12570,"^CAC"
749,#2018-05-21#,5,2,5657.44,619.3198,35,54,12605,"^CAC"
750,#2018-05-31#,5,1,5381.38,-276.0601,8,10,12613,"^CAC"
751,#2018-06-15#,5,2,5560.62,179.2402,11,15,12624,"^CAC"
752,#2018-07-02#,5,1,5242.64,-317.98,11,17,12635,"^CAC"
753,#2018-08-07#,5,2,5539.41,296.77,26,36,12661,"^CAC"
754,#2018-08-15#,5,1,5287.18,-252.23,6,8,12667,"^CAC"
755,#2018-08-28#,5,2,5506.76,219.5796,9,13,12676,"^CAC"
756,#2018-09-07#,5,1,5226.31,-280.4497,8,10,12684,"^CAC"
757,#2018-09-27#,5,2,5546.8,320.4897,14,20,12698,"^CAC"
758,#2018-10-26#,5,1,4896.8,-650,21,29,12719,"^CAC"
759,#2018-11-08#,5,2,5168.11,271.3101,9,13,12728,"^CAC"
760,#2018-11-20#,5,1,4894.3,-273.8101,8,12,12736,"^CAC"
761,#2018-12-03#,5,2,5115.13,220.8301,9,13,12745,"^CAC"
762,#2018-12-27#,5,1,4555.99,-559.1396,16,24,12761,"^CAC"
763,#2019-04-18#,5,2,5601.38,1045.39,79,112,12840,"^CAC"
764,#2019-06-03#,5,1,5152.3,-449.0801,29,46,12869,"^CAC"
765,#2019-07-04#,5,2,5629.79,477.4902,23,31,12892,"^CAC"
766,#2019-07-18#,5,1,5533.47,-96.31982,10,14,12902,"^CAC"
767,#2019-07-25#,5,2,5672.77,139.2998,5,7,12907,"^CAC"
768,#2019-08-15#,5,1,5170.77,-502,15,21,12922,"^CAC"
769,#2019-11-19#,5,2,5966.79,796.02,68,96,12990,"^CAC"
770,#2019-12-03#,5,1,5697.06,-269.73,10,14,13000,"^CAC"
771,#2019-12-27#,5,2,6065,367.9399,16,24,13016,"^CAC"
772,#2020-01-06#,5,1,5955.25,-109.75,5,10,13021,"^CAC"
773,#2020-01-17#,5,2,6109.81,154.5601,9,11,13030,"^CAC"
774,#2020-01-31#,5,1,5799.04,-310.77,10,14,13040,"^CAC"
775,#2020-02-19#,5,2,6111.41,312.3701,13,19,13053,"^CAC"
776,#2020-03-16#,5,1,3632.06,-2479.35,18,26,13071,"^CAC"
777,#2020-03-26#,5,2,4543.58,911.52,8,10,13079,"^CAC"
778,#2020-04-03#,5,1,4142.28,-401.3003,6,8,13085,"^CAC"
779,#2020-04-30#,5,2,4719.74,577.4604,17,27,13102,"^CAC"
780,#2020-05-14#,5,1,4194.58,-525.1602,9,14,13111,"^CAC"
781,#2020-06-08#,5,2,5213.67,1019.09,17,25,13128,"^CAC"
782,#2020-06-15#,5,1,4691.81,-521.8599,5,7,13133,"^CAC"
783,#2020-07-21#,5,2,5172.98,481.1699,26,36,13159,"^CAC"
784,#2020-08-03#,5,1,4763.6,-409.3799,9,13,13168,"^CAC"
785,#2020-08-12#,5,2,5096.53,332.9297,7,9,13175,"^CAC"
786,#2020-08-21#,5,1,4839.08,-257.4497,7,9,13182,"^CAC"
787,#2020-09-03#,5,2,5131.39,292.3101,9,13,13191,"^CAC"
788,#2020-09-25#,5,1,4666.26,-465.1304,16,22,13207,"^CAC"
789,#2020-10-12#,5,2,4998.51,332.25,11,17,13218,"^CAC"
790,#2020-10-29#,5,1,4512.57,-485.9399,13,17,13231,"^CAC"
791,#2020-12-04#,5,2,5616.62,1104.05,26,36,13257,"^CAC"
792,#2020-12-21#,5,1,5306.58,-310.04,11,17,13268,"^CAC"
793,#2021-01-08#,5,2,5721.89,415.3101,12,18,13280,"^CAC"
794,#2021-01-28#,5,1,5379.22,-342.6699,14,20,13294,"^CAC"
795,#2021-02-15#,5,2,5801.38,422.1597,12,18,13306,"^CAC"
796,#2021-02-26#,5,1,5688.26,-113.1201,9,11,13315,"^CAC"
797,#2021-03-15#,5,2,6089.2,400.9404,11,17,13326,"^CAC"
798,#2021-03-25#,5,1,5886,-203.2002,8,10,13334,"^CAC"
799,#2021-06-18#,5,2,6687.29,801.29,59,85,13393,"^CAC"
800,#2021-07-19#,5,1,6253.25,-434.04,21,31,13414,"^CAC"
801,#2021-08-13#,5,2,6913.67,660.4199,19,25,13433,"^CAC"
802,#2021-09-20#,5,1,6389.62,-524.0498,26,38,13459,"^CAC"
803,#2021-11-19#,5,2,7183.08,793.46,44,60,13503,"^CAC"
804,#2021-11-30#,5,1,6655.86,-527.2202,7,11,13510,"^CAC"
805,#2021-12-08#,5,2,7104.06,448.2002,6,8,13516,"^CAC"
806,#2021-12-20#,5,1,6747.69,-356.3701,8,12,13524,"^CAC"
807,#2022-01-05#,5,2,7384.86,637.1699,12,16,13536,"^CAC"
808,#2022-01-24#,5,1,6754.24,-630.6196,13,19,13549,"^CAC"
809,#2022-02-10#,5,2,7169.63,415.3896,13,17,13562,"^CAC"
810,#2022-03-07#,5,1,5756.38,-1413.25,17,25,13579,"^CAC"
811,#2022-03-29#,5,2,6829.4,1073.02,16,22,13595,"^CAC"
812,#2022-04-12#,5,1,6424.97,-404.4297,10,14,13605,"^CAC"
813,#2022-04-21#,5,2,6757.75,332.7798,5,9,13610,"^CAC"
814,#2022-05-09#,5,1,6086.02,-671.73,12,18,13622,"^CAC"
815,#2022-06-06#,5,2,6593.15,507.1299,20,28,13642,"^CAC"
816,#2022-07-05#,5,1,5786.5,-806.6499,21,29,13663,"^CAC"
817,#2022-08-16#,5,2,6608.83,822.3301,30,42,13693,"^CAC"
818,#2022-09-01#,5,1,6009.09,-599.7402,12,16,13705,"^CAC"
819,#2022-09-13#,5,2,6394.18,385.0903,8,12,13713,"^CAC"
820,#2022-09-29#,5,1,5628.42,-765.7603,12,16,13725,"^CAC"
821,#2022-12-01#,5,2,6791.31,1162.89,45,63,13770,"^CAC"
822,#2022-12-20#,5,1,6388.23,-403.0801,13,19,13783,"^CAC"
823,#2023-02-03#,5,2,7233.94,845.71,32,45,13815,"^CAC"
824,#2023-02-10#,5,1,7074.63,-159.3101,5,7,13820,"^CAC"
825,#2023-03-06#,5,2,7401.15,326.52,16,24,13836,"^CAC"
826,#2023-03-20#,5,1,6796.21,-604.9399,10,14,13846,"^CAC"
827,#2023-04-24#,5,2,7581.26,785.0498,23,35,13869,"^CAC"
828,#2023-05-04#,5,1,7316.14,-265.1196,7,10,13876,"^CAC"
829,#2023-05-19#,5,2,7523.56,207.4199,11,15,13887,"^CAC"
