"idx","dateOf","timeCriterium","highOrLow","swingPrice","swingRange","swingTB","swingCD","keyToMarketData","ticker"
1,#1971-01-05#,5,1,.535,0,0,0,2,"EURUSD"
2,#1971-03-03#,5,2,.5373,2.299964E-03,39,57,41,"EURUSD"
3,#1971-03-16#,5,1,.5367,-5.999804E-04,9,13,50,"EURUSD"
4,#1971-04-02#,5,2,.5373,5.999804E-04,13,17,63,"EURUSD"
5,#1971-04-19#,5,1,.5354,-1.900017E-03,11,17,74,"EURUSD"
6,#1971-05-21#,5,2,.557,2.160001E-02,24,32,98,"EURUSD"
7,#1971-06-01#,5,1,.5465,-1.049995E-02,6,11,104,"EURUSD"
8,#1971-08-12#,5,2,.576,2.949995E-02,51,72,155,"EURUSD"
9,#1971-08-20#,5,1,.5688,-7.200003E-03,6,8,161,"EURUSD"
10,#1971-09-23#,5,2,.589,2.020001E-02,23,34,184,"EURUSD"
11,#1971-11-10#,5,1,.5824,-6.599963E-03,31,48,215,"EURUSD"
12,#1971-12-06#,5,2,.6001,1.769996E-02,17,26,232,"EURUSD"
13,#1971-12-29#,5,1,.5946,-5.499959E-03,17,23,249,"EURUSD"
14,#1972-02-16#,5,2,.6178,2.319998E-02,35,49,284,"EURUSD"
15,#1972-02-25#,5,1,.6106,-7.200003E-03,6,9,290,"EURUSD"
16,#1972-03-09#,5,2,.618,7.399976E-03,9,13,299,"EURUSD"
17,#1972-03-17#,5,1,.5949,-2.309996E-02,6,8,305,"EURUSD"
18,#1972-04-03#,5,2,.6157,2.079999E-02,11,17,316,"EURUSD"
19,#1972-04-19#,5,1,.6104,-5.299985E-03,12,16,328,"EURUSD"
20,#1972-06-15#,5,2,.6166,6.199956E-03,40,57,368,"EURUSD"
21,#1972-08-21#,5,1,.6097,-6.899953E-03,46,67,414,"EURUSD"
22,#1972-09-07#,5,2,.6124,2.699971E-03,12,17,426,"EURUSD"
23,#1972-10-24#,5,1,.6067,-5.699992E-03,31,47,457,"EURUSD"
24,#1972-11-03#,5,2,.6095,2.799988E-03,8,10,465,"EURUSD"
25,#1972-11-17#,5,1,.6077,-1.800001E-03,9,14,474,"EURUSD"
26,#1972-12-01#,5,2,.6115,3.800035E-03,9,14,483,"EURUSD"
27,#1973-01-19#,5,1,.6068,-4.700005E-03,33,49,516,"EURUSD"
28,#1973-03-02#,5,2,.704,9.719998E-02,28,42,544,"EURUSD"
29,#1973-03-16#,5,1,.6884,-1.560003E-02,10,14,554,"EURUSD"
30,#1973-03-26#,5,2,.6909,2.500057E-03,6,10,560,"EURUSD"
31,#1973-04-03#,5,1,.682,-8.900046E-03,6,8,566,"EURUSD"
32,#1973-04-17#,5,2,.6908,8.80003E-03,10,14,576,"EURUSD"
33,#1973-05-07#,5,1,.6836,-7.200003E-03,14,20,590,"EURUSD"
34,#1973-07-06#,5,2,.862,.1784,42,60,632,"EURUSD"
35,#1973-08-16#,5,1,.7861,-7.590002E-02,29,41,661,"EURUSD"
36,#1973-09-20#,5,2,.8164,3.030002E-02,24,35,685,"EURUSD"
37,#1974-01-07#,5,1,.6762,-.1402,71,109,756,"EURUSD"
38,#1974-02-22#,5,2,.7336,5.740005E-02,32,46,788,"EURUSD"
39,#1974-03-01#,5,1,.7268,-6.799996E-03,5,7,793,"EURUSD"
40,#1974-03-28#,5,2,.7746,.0478,19,27,812,"EURUSD"
41,#1974-04-10#,5,1,.7563,-1.830006E-02,9,13,821,"EURUSD"
42,#1974-05-13#,5,2,.8139,5.760002E-02,23,33,844,"EURUSD"
43,#1974-05-29#,5,1,.7641,-4.979998E-02,11,16,855,"EURUSD"
44,#1974-06-06#,5,2,.7873,2.319998E-02,6,8,861,"EURUSD"
45,#1974-06-24#,5,1,.7565,-3.079998E-02,12,18,873,"EURUSD"
46,#1974-07-03#,5,2,.768,.0115,7,9,880,"EURUSD"
47,#1974-07-11#,5,1,.7609,-7.099986E-03,5,8,885,"EURUSD"
48,#1974-07-24#,5,2,.7777,1.679999E-02,9,13,894,"EURUSD"
49,#1974-09-05#,5,1,.7292,-.0485,30,43,924,"EURUSD"
50,#1975-01-07#,5,2,.8212,9.200001E-02,82,124,1006,"EURUSD"
51,#1975-01-14#,5,1,.8122,-9.000003E-03,5,7,1011,"EURUSD"
52,#1975-01-27#,5,2,.8474,.0352,9,13,1020,"EURUSD"
53,#1975-02-04#,5,1,.8191,-2.829999E-02,6,8,1026,"EURUSD"
54,#1975-03-03#,5,2,.8563,3.719997E-02,17,27,1043,"EURUSD"
55,#1975-04-14#,5,1,.8132,-.0431,30,42,1073,"EURUSD"
56,#1975-05-23#,5,2,.8367,2.350003E-02,29,39,1102,"EURUSD"
57,#1975-06-09#,5,1,.8308,-5.900025E-03,10,17,1112,"EURUSD"
58,#1975-06-16#,5,2,.8371,6.300032E-03,5,7,1117,"EURUSD"
59,#1975-08-12#,5,1,.753,-8.410001E-02,40,57,1157,"EURUSD"
60,#1975-08-19#,5,2,.7629,9.899974E-03,5,7,1162,"EURUSD"
61,#1975-09-23#,5,1,.73,-3.289998E-02,24,35,1186,"EURUSD"
62,#1975-11-03#,5,2,.7635,3.349996E-02,28,41,1214,"EURUSD"
63,#1975-12-15#,5,1,.7389,-2.459997E-02,27,42,1241,"EURUSD"
64,#1976-01-07#,5,2,.7509,1.199996E-02,15,23,1256,"EURUSD"
65,#1976-01-21#,5,1,.7471,-3.799975E-03,10,14,1266,"EURUSD"
66,#1976-02-11#,5,2,.7693,2.219999E-02,15,21,1281,"EURUSD"
67,#1976-03-12#,5,1,.7559,-1.339996E-02,20,30,1301,"EURUSD"
68,#1976-04-01#,5,2,.7718,1.589996E-02,14,20,1315,"EURUSD"
69,#1976-06-01#,5,1,.7515,-2.029997E-02,42,61,1357,"EURUSD"
70,#1976-06-09#,5,2,.7596,8.099973E-03,6,8,1363,"EURUSD"
71,#1976-07-12#,5,1,.7555,-4.099965E-03,22,33,1385,"EURUSD"
72,#1976-08-02#,5,2,.7688,.0133,15,21,1400,"EURUSD"
73,#1976-08-09#,5,1,.7656,-3.199995E-03,5,7,1405,"EURUSD"
74,#1976-08-17#,5,2,.7777,1.209998E-02,6,8,1411,"EURUSD"
75,#1976-08-31#,5,1,.7715,-6.200016E-03,10,14,1421,"EURUSD"
76,#1976-10-28#,5,2,.8142,4.269999E-02,40,58,1461,"EURUSD"
77,#1976-11-17#,5,1,.805,-9.199977E-03,12,20,1473,"EURUSD"
78,#1977-01-03#,5,2,.8322,2.719998E-02,32,47,1505,"EURUSD"
79,#1977-01-28#,5,1,.8023,-2.990001E-02,19,25,1524,"EURUSD"
80,#1977-05-04#,5,2,.8306,2.830005E-02,67,96,1591,"EURUSD"
81,#1977-05-11#,5,1,.822,-8.599997E-03,5,7,1596,"EURUSD"
82,#1977-05-26#,5,2,.8282,6.199956E-03,11,15,1607,"EURUSD"
83,#1977-06-07#,5,1,.8257,-2.499998E-03,7,12,1614,"EURUSD"
84,#1977-07-26#,5,2,.868,4.229999E-02,33,49,1647,"EURUSD"
85,#1977-08-16#,5,1,.8335,-3.449994E-02,15,21,1662,"EURUSD"
86,#1977-08-24#,5,2,.8458,1.229995E-02,6,8,1668,"EURUSD"
87,#1977-09-14#,5,1,.8367,-9.09996E-03,14,21,1682,"EURUSD"
88,#1977-10-03#,5,2,.851,1.429999E-02,13,19,1695,"EURUSD"
89,#1977-10-11#,5,1,.8472,-3.800035E-03,5,8,1700,"EURUSD"
90,#1978-03-02#,5,2,.9704,.1232,95,142,1795,"EURUSD"
91,#1978-03-10#,5,1,.9466,-2.379996E-02,6,8,1801,"EURUSD"
92,#1978-03-31#,5,2,.9758,2.919996E-02,15,21,1816,"EURUSD"
93,#1978-05-23#,5,1,.9141,-6.169999E-02,37,53,1853,"EURUSD"
94,#1978-07-10#,5,2,.9537,3.960001E-02,32,48,1885,"EURUSD"
95,#1978-07-17#,5,1,.942,-1.170003E-02,5,7,1890,"EURUSD"
96,#1978-08-16#,5,2,1.0027,.0607,22,30,1912,"EURUSD"
97,#1978-08-28#,5,1,.9643,-3.839999E-02,8,12,1920,"EURUSD"
98,#1978-10-30#,5,2,1.1315,.1672,43,63,1963,"EURUSD"
99,#1978-11-20#,5,1,1.0094,-.1221,14,21,1977,"EURUSD"
100,#1978-12-29#,5,2,1.0716,6.219995E-02,27,39,2004,"EURUSD"
101,#1979-01-11#,5,1,1.0481,-2.349997E-02,8,13,2012,"EURUSD"
102,#1979-01-18#,5,2,1.062,1.390004E-02,5,7,2017,"EURUSD"
103,#1979-04-09#,5,1,1.0234,-3.860009E-02,55,81,2072,"EURUSD"
104,#1979-04-26#,5,2,1.031,7.600069E-03,13,17,2085,"EURUSD"
105,#1979-05-21#,5,1,1.0154,-1.559997E-02,17,25,2102,"EURUSD"
106,#1979-10-01#,5,2,1.1215,.1061,92,133,2194,"EURUSD"
107,#1979-10-29#,5,1,1.0762,-4.530001E-02,19,28,2213,"EURUSD"
108,#1979-12-03#,5,2,1.1418,6.560004E-02,22,35,2235,"EURUSD"
109,#1980-04-07#,5,1,.9875,-.1543,86,126,2321,"EURUSD"
110,#1980-06-13#,5,2,1.1111,.1235999,48,67,2369,"EURUSD"
111,#1980-06-24#,5,1,1.1018,-9.299994E-03,7,11,2376,"EURUSD"
112,#1980-07-28#,5,2,1.1247,2.289999E-02,23,34,2399,"EURUSD"
113,#1980-08-22#,5,1,1.0792,-4.549992E-02,19,25,2418,"EURUSD"
114,#1980-09-03#,5,2,1.0982,1.899993E-02,7,12,2425,"EURUSD"
115,#1980-09-29#,5,1,1.0753,-2.289999E-02,18,26,2443,"EURUSD"
116,#1980-10-06#,5,2,1.0841,8.80003E-03,5,7,2448,"EURUSD"
117,#1980-12-11#,5,1,.9661,-.118,44,66,2492,"EURUSD"
118,#1981-01-06#,5,2,1.0079,4.180002E-02,16,26,2508,"EURUSD"
119,#1981-02-13#,5,1,.8785,-.1294,27,38,2535,"EURUSD"
120,#1981-03-19#,5,2,.9514,.0729,23,34,2558,"EURUSD"
121,#1981-06-04#,5,1,.8079,-.1435,54,77,2612,"EURUSD"
122,#1981-06-15#,5,2,.8313,2.340001E-02,7,11,2619,"EURUSD"
123,#1981-07-08#,5,1,.7876,-4.370004E-02,17,23,2636,"EURUSD"
124,#1981-07-15#,5,2,.8098,2.220005E-02,5,7,2641,"EURUSD"
125,#1981-08-10#,5,1,.7586,-5.120003E-02,18,26,2659,"EURUSD"
126,#1981-09-21#,5,2,.8746,.116,29,42,2688,"EURUSD"
127,#1981-09-28#,5,1,.8334,-4.119998E-02,5,7,2693,"EURUSD"
128,#1981-10-09#,5,2,.8903,5.689996E-02,9,11,2702,"EURUSD"
129,#1981-10-26#,5,1,.8442,-4.609996E-02,10,17,2712,"EURUSD"
130,#1981-11-09#,5,2,.8843,4.009998E-02,9,14,2721,"EURUSD"
131,#1981-11-20#,5,1,.8633,-2.099997E-02,8,11,2729,"EURUSD"
132,#1981-11-30#,5,2,.8809,.0176,5,10,2734,"EURUSD"
133,#1981-12-18#,5,1,.8509,-3.000003E-02,14,18,2748,"EURUSD"
134,#1981-12-31#,5,2,.8715,2.060002E-02,8,13,2756,"EURUSD"
135,#1982-02-17#,5,1,.8129,-5.860001E-02,31,48,2787,"EURUSD"
136,#1982-03-08#,5,2,.8324,1.950002E-02,13,19,2800,"EURUSD"
137,#1982-04-15#,5,1,.8044,-.028,28,38,2828,"EURUSD"
138,#1982-05-11#,5,2,.8546,5.019999E-02,18,26,2846,"EURUSD"
139,#1982-07-08#,5,1,.7758,-7.880002E-02,40,58,2886,"EURUSD"
140,#1982-07-23#,5,2,.814,3.820002E-02,11,15,2897,"EURUSD"
141,#1982-08-11#,5,1,.773,-4.100001E-02,13,19,2910,"EURUSD"
142,#1982-08-24#,5,2,.8065,3.350002E-02,9,13,2919,"EURUSD"
143,#1982-09-13#,5,1,.7743,-3.220004E-02,13,20,2932,"EURUSD"
144,#1982-09-22#,5,2,.7811,6.799996E-03,7,9,2939,"EURUSD"
145,#1982-10-04#,5,1,.7635,-.0176,8,12,2947,"EURUSD"
146,#1982-10-12#,5,2,.7835,2.000004E-02,5,8,2952,"EURUSD"
147,#1982-11-08#,5,1,.7513,-3.220004E-02,18,27,2970,"EURUSD"
148,#1983-01-10#,5,2,.8364,.0851,43,63,3013,"EURUSD"
149,#1983-02-02#,5,1,.7818,-.0546,17,23,3030,"EURUSD"
150,#1983-02-16#,5,2,.8167,3.490001E-02,10,14,3040,"EURUSD"
151,#1983-03-01#,5,1,.7985,-1.819998E-02,8,13,3048,"EURUSD"
152,#1983-03-16#,5,2,.819,.0205,11,15,3059,"EURUSD"
153,#1983-03-28#,5,1,.8012,-1.780003E-02,8,12,3067,"EURUSD"
154,#1983-04-06#,5,2,.8083,7.100046E-03,7,9,3074,"EURUSD"
155,#1983-04-29#,5,1,.7906,-1.770002E-02,17,23,3091,"EURUSD"
156,#1983-05-09#,5,2,.8008,1.020002E-02,6,10,3097,"EURUSD"
157,#1983-06-07#,5,1,.7593,-4.150003E-02,20,29,3117,"EURUSD"
158,#1983-06-22#,5,2,.7733,.014,11,15,3128,"EURUSD"
159,#1983-08-11#,5,1,.7131,-6.019998E-02,35,50,3163,"EURUSD"
160,#1983-08-23#,5,2,.7419,2.880001E-02,8,12,3171,"EURUSD"
161,#1983-08-31#,5,1,.7231,-1.880002E-02,6,8,3177,"EURUSD"
162,#1983-10-07#,5,2,.7596,3.649998E-02,26,37,3203,"EURUSD"
163,#1983-12-16#,5,1,.7023,-5.729997E-02,46,70,3249,"EURUSD"
164,#1983-12-30#,5,2,.7157,1.339996E-02,9,14,3258,"EURUSD"
165,#1984-01-12#,5,1,.6868,-2.889997E-02,8,13,3266,"EURUSD"
166,#1984-03-06#,5,2,.7642,7.739997E-02,36,54,3302,"EURUSD"
167,#1984-03-21#,5,1,.7368,-2.739996E-02,11,15,3313,"EURUSD"
168,#1984-03-29#,5,2,.7543,1.749998E-02,6,8,3319,"EURUSD"
169,#1984-05-08#,5,1,.7012,-5.309999E-02,28,40,3347,"EURUSD"
170,#1984-06-04#,5,2,.7315,3.030002E-02,18,27,3365,"EURUSD"
171,#1984-08-01#,5,1,.6683,-6.320006E-02,41,58,3406,"EURUSD"
172,#1984-08-16#,5,2,.6826,1.430005E-02,11,15,3417,"EURUSD"
173,#1984-09-20#,5,1,.6234,-5.920005E-02,24,35,3441,"EURUSD"
174,#1984-10-03#,5,2,.6466,2.320004E-02,9,13,3450,"EURUSD"
175,#1984-10-16#,5,1,.6211,-.0255,8,13,3458,"EURUSD"
176,#1984-11-05#,5,2,.6657,4.460001E-02,14,20,3472,"EURUSD"
177,#1985-01-14#,5,1,.6107,-5.500001E-02,45,70,3517,"EURUSD"
178,#1985-01-24#,5,2,.6175,6.799996E-03,7,10,3524,"EURUSD"
179,#1985-02-25#,5,1,.5648,-5.269998E-02,20,32,3544,"EURUSD"
180,#1985-04-19#,5,2,.6546,.0898,39,53,3583,"EURUSD"
181,#1985-05-06#,5,1,.6053,-4.930001E-02,11,17,3594,"EURUSD"
182,#1985-05-20#,5,2,.6424,3.710002E-02,10,14,3604,"EURUSD"
183,#1985-05-28#,5,1,.6264,-1.600003E-02,5,8,3609,"EURUSD"
184,#1985-08-22#,5,2,.7111,8.469999E-02,61,86,3670,"EURUSD"
185,#1985-09-11#,5,1,.6587,-5.239999E-02,13,20,3683,"EURUSD"
186,#1985-10-03#,5,2,.7444,8.570004E-02,16,22,3699,"EURUSD"
187,#1985-10-16#,5,1,.7264,-1.800001E-02,8,13,3707,"EURUSD"
188,#1985-11-29#,5,2,.7762,4.979998E-02,30,44,3737,"EURUSD"
189,#1985-12-11#,5,1,.7669,-9.299994E-03,8,12,3745,"EURUSD"
190,#1986-01-02#,5,2,.7999,3.299999E-02,14,22,3759,"EURUSD"
191,#1986-01-14#,5,1,.7903,-9.599984E-03,8,12,3767,"EURUSD"
192,#1986-03-04#,5,2,.886,9.569997E-02,33,49,3800,"EURUSD"
193,#1986-03-13#,5,1,.8496,-3.639996E-02,7,9,3807,"EURUSD"
194,#1986-03-21#,5,2,.8699,2.029997E-02,6,8,3813,"EURUSD"
195,#1986-04-07#,5,1,.8137,-5.619997E-02,11,17,3824,"EURUSD"
196,#1986-04-28#,5,2,.901,.0873,15,21,3839,"EURUSD"
197,#1986-05-30#,5,1,.8389,-6.209999E-02,23,32,3862,"EURUSD"
198,#1986-06-16#,5,2,.8861,4.719996E-02,11,17,3873,"EURUSD"
199,#1986-06-23#,5,1,.8672,-1.889998E-02,5,7,3878,"EURUSD"
200,#1986-07-03#,5,2,.8973,3.009999E-02,8,10,3886,"EURUSD"
201,#1986-07-11#,5,1,.8909,-6.399989E-03,5,8,3891,"EURUSD"
202,#1986-09-03#,5,2,.9623,7.139999E-02,37,54,3928,"EURUSD"
203,#1986-09-11#,5,1,.9321,-.0302,6,8,3934,"EURUSD"
204,#1986-10-15#,5,2,.9879,5.580002E-02,23,34,3957,"EURUSD"
205,#1986-11-07#,5,1,.9442,-4.370004E-02,17,23,3974,"EURUSD"
206,#1986-12-01#,5,2,.9922,4.800004E-02,14,24,3988,"EURUSD"
207,#1986-12-09#,5,1,.9657,-2.650005E-02,6,8,3994,"EURUSD"
208,#1987-01-29#,5,2,1.0913,.1256,34,51,4028,"EURUSD"
209,#1987-03-11#,5,1,1.0424,-4.890001E-02,28,41,4056,"EURUSD"
210,#1987-03-31#,5,2,1.0823,3.989995E-02,14,20,4070,"EURUSD"
211,#1987-04-08#,5,1,1.0602,-2.209997E-02,6,8,4076,"EURUSD"
212,#1987-05-05#,5,2,1.1025,4.229999E-02,19,27,4095,"EURUSD"
213,#1987-06-01#,5,1,1.0634,-3.909993E-02,18,27,4113,"EURUSD"
214,#1987-06-09#,5,2,1.0889,2.549994E-02,6,8,4119,"EURUSD"
215,#1987-08-11#,5,1,1.0277,-6.120002E-02,45,63,4164,"EURUSD"
216,#1987-09-08#,5,2,1.0879,.0602001,19,28,4183,"EURUSD"
217,#1987-10-01#,5,1,1.056,-3.190005E-02,17,23,4200,"EURUSD"
218,#1987-11-30#,5,2,1.1889,.1329,39,60,4239,"EURUSD"
219,#1987-12-07#,5,1,1.1669,-2.199996E-02,5,7,4244,"EURUSD"
220,#1987-12-31#,5,2,1.2415,7.459998E-02,17,24,4261,"EURUSD"
221,#1988-02-12#,5,1,1.1382,-.1033,29,43,4290,"EURUSD"
222,#1988-03-11#,5,2,1.1734,.0352,19,28,4309,"EURUSD"
223,#1988-03-18#,5,1,1.1494,-2.400005E-02,5,7,4314,"EURUSD"
224,#1988-04-04#,5,2,1.1791,2.970004E-02,11,17,4325,"EURUSD"
225,#1988-05-31#,5,1,1.1279,-5.120003E-02,40,57,4365,"EURUSD"
226,#1988-06-07#,5,2,1.1369,8.999944E-03,5,7,4370,"EURUSD"
227,#1988-06-29#,5,1,1.066,-7.089996E-02,16,22,4386,"EURUSD"
228,#1988-07-07#,5,2,1.0737,7.699966E-03,5,8,4391,"EURUSD"
229,#1988-08-09#,5,1,1.0178,-5.589998E-02,23,33,4414,"EURUSD"
230,#1988-09-06#,5,2,1.0583,4.050004E-02,19,28,4433,"EURUSD"
231,#1988-09-26#,5,1,1.0354,-2.289999E-02,14,20,4447,"EURUSD"
232,#1988-11-25#,5,2,1.1368,.1014,41,60,4488,"EURUSD"
233,#1989-02-03#,5,1,1.0377,-9.909999E-02,47,70,4535,"EURUSD"
234,#1989-02-27#,5,2,1.073,.0352999,15,24,4550,"EURUSD"
235,#1989-03-30#,5,1,1.0279,-4.509997E-02,23,31,4573,"EURUSD"
236,#1989-04-20#,5,2,1.0561,2.820003E-02,15,21,4588,"EURUSD"
237,#1989-05-24#,5,1,.9693,-8.680004E-02,24,34,4612,"EURUSD"
238,#1989-06-02#,5,2,.9961,2.680004E-02,6,9,4618,"EURUSD"
239,#1989-06-14#,5,1,.9609,-.0352,8,12,4626,"EURUSD"
240,#1989-07-10#,5,2,1.0495,8.859998E-02,17,26,4643,"EURUSD"
241,#1989-07-24#,5,1,1.0215,-.028,10,14,4653,"EURUSD"
242,#1989-08-02#,5,2,1.0534,3.190005E-02,7,9,4660,"EURUSD"
243,#1989-08-17#,5,1,.9905,-6.290007E-02,11,15,4671,"EURUSD"
244,#1989-08-29#,5,2,1.0065,1.600003E-02,8,12,4679,"EURUSD"
245,#1989-09-15#,5,1,.9751,-3.140002E-02,12,17,4691,"EURUSD"
246,#1989-09-29#,5,2,1.0414,6.629997E-02,10,14,4701,"EURUSD"
247,#1989-10-11#,5,1,1.0173,-2.409995E-02,7,12,4708,"EURUSD"
248,#1989-10-27#,5,2,1.0658,4.849994E-02,12,16,4720,"EURUSD"
249,#1989-11-10#,5,1,1.0466,-1.919997E-02,10,14,4730,"EURUSD"
250,#1990-01-08#,5,2,1.1686,.122,38,59,4768,"EURUSD"
251,#1990-01-22#,5,1,1.1322,-3.639996E-02,9,14,4777,"EURUSD"
252,#1990-02-07#,5,2,1.1784,4.620004E-02,12,16,4789,"EURUSD"
253,#1990-03-02#,5,1,1.1338,-4.460001E-02,16,23,4805,"EURUSD"
254,#1990-03-19#,5,2,1.1589,2.509999E-02,11,17,4816,"EURUSD"
255,#1990-03-27#,5,1,1.1393,-1.960003E-02,6,8,4822,"EURUSD"
256,#1990-05-11#,5,2,1.196,5.669999E-02,33,45,4855,"EURUSD"
257,#1990-05-31#,5,1,1.1478,-4.820001E-02,13,20,4868,"EURUSD"
258,#1990-08-23#,5,2,1.2596,.1118001,59,84,4927,"EURUSD"
259,#1990-09-11#,5,1,1.225,-3.460002E-02,12,19,4939,"EURUSD"
260,#1990-10-19#,5,2,1.2972,7.219994E-02,27,38,4966,"EURUSD"
261,#1990-10-30#,5,1,1.284,-1.319993E-02,7,11,4973,"EURUSD"
262,#1990-11-16#,5,2,1.3259,4.189992E-02,12,17,4985,"EURUSD"
263,#1990-12-03#,5,1,1.2885,-3.740001E-02,10,17,4995,"EURUSD"
264,#1990-12-10#,5,2,1.324,3.550005E-02,5,7,5000,"EURUSD"
265,#1990-12-24#,5,1,1.2618,-6.219995E-02,10,14,5010,"EURUSD"
266,#1991-01-02#,5,2,1.3089,4.709995E-02,5,9,5015,"EURUSD"
267,#1991-01-14#,5,1,1.2631,-4.579997E-02,8,12,5023,"EURUSD"
268,#1991-02-11#,5,2,1.3495,8.639991E-02,20,28,5043,"EURUSD"
269,#1991-03-27#,5,1,1.1432,-.2062999,32,44,5075,"EURUSD"
270,#1991-04-16#,5,2,1.1721,2.889991E-02,14,20,5089,"EURUSD"
271,#1991-04-29#,5,1,1.1028,-6.929994E-02,9,13,5098,"EURUSD"
272,#1991-05-15#,5,2,1.1541,5.129993E-02,12,16,5110,"EURUSD"
273,#1991-06-18#,5,1,1.0753,-7.879996E-02,24,34,5134,"EURUSD"
274,#1991-07-24#,5,2,1.1235,4.820001E-02,26,36,5160,"EURUSD"
275,#1991-08-19#,5,1,1.0742,-4.929996E-02,18,26,5178,"EURUSD"
276,#1991-09-30#,5,2,1.1738,9.959996E-02,29,42,5207,"EURUSD"
277,#1991-10-15#,5,1,1.1395,-3.429997E-02,10,15,5217,"EURUSD"
278,#1991-12-06#,5,2,1.241,.1015,37,52,5254,"EURUSD"
279,#1991-12-13#,5,1,1.2323,-8.700013E-03,5,7,5259,"EURUSD"
280,#1991-12-26#,5,2,1.291,5.869997E-02,8,13,5267,"EURUSD"
281,#1992-01-30#,5,1,1.2016,-8.940005E-02,24,35,5291,"EURUSD"
282,#1992-02-07#,5,2,1.2505,4.890001E-02,6,8,5297,"EURUSD"
283,#1992-03-20#,5,1,1.164,-8.649993E-02,30,42,5327,"EURUSD"
284,#1992-04-09#,5,2,1.2031,3.909993E-02,14,20,5341,"EURUSD"
285,#1992-04-20#,5,1,1.1652,-3.789997E-02,7,11,5348,"EURUSD"
286,#1992-05-19#,5,2,1.2262,6.099999E-02,21,29,5369,"EURUSD"
287,#1992-05-27#,5,1,1.1935,-3.269994E-02,6,8,5375,"EURUSD"
288,#1992-07-17#,5,2,1.3349,.1414,37,51,5412,"EURUSD"
289,#1992-07-24#,5,1,1.3006,-3.429997E-02,5,7,5417,"EURUSD"
290,#1992-09-02#,5,2,1.4025,.1019,28,40,5445,"EURUSD"
291,#1992-09-16#,5,1,1.2858,-.1167001,9,14,5454,"EURUSD"
292,#1992-10-05#,5,2,1.3866,.1008,13,19,5467,"EURUSD"
293,#1992-11-23#,5,1,1.2173,-.1693,33,49,5500,"EURUSD"
294,#1992-12-16#,5,2,1.2541,3.679991E-02,17,23,5517,"EURUSD"
295,#1993-01-04#,5,1,1.1913,-6.279993E-02,11,19,5528,"EURUSD"
296,#1993-01-25#,5,2,1.247,5.569994E-02,15,21,5543,"EURUSD"
297,#1993-02-15#,5,1,1.1705,-7.649994E-02,15,21,5558,"EURUSD"
298,#1993-02-23#,5,2,1.1983,2.779996E-02,6,8,5564,"EURUSD"
299,#1993-03-09#,5,1,1.1646,-3.369999E-02,10,14,5574,"EURUSD"
300,#1993-04-26#,5,2,1.2455,8.089995E-02,34,48,5608,"EURUSD"
301,#1993-07-30#,5,1,1.0913,-.1542,69,95,5677,"EURUSD"
302,#1993-09-15#,5,2,1.1929,.1015999,32,47,5709,"EURUSD"
303,#1993-09-24#,5,1,1.1557,-3.719997E-02,7,9,5716,"EURUSD"
304,#1993-10-12#,5,2,1.1853,2.960002E-02,11,18,5727,"EURUSD"
305,#1993-11-01#,5,1,1.1298,-5.550003E-02,14,20,5741,"EURUSD"
306,#1993-11-08#,5,2,1.1373,7.500052E-03,5,7,5746,"EURUSD"
307,#1993-12-02#,5,1,1.1159,-2.139997E-02,17,24,5763,"EURUSD"
308,#1993-12-23#,5,2,1.1409,2.499998E-02,15,21,5778,"EURUSD"
309,#1994-01-17#,5,1,1.1073,-3.359997E-02,17,25,5795,"EURUSD"
310,#1994-02-01#,5,2,1.1233,1.599991E-02,11,15,5806,"EURUSD"
311,#1994-02-08#,5,1,1.1042,-1.909995E-02,5,7,5811,"EURUSD"
312,#1994-03-11#,5,2,1.1519,4.770005E-02,23,31,5834,"EURUSD"
313,#1994-03-21#,5,1,1.1365,-1.540005E-02,6,10,5840,"EURUSD"
314,#1994-03-31#,5,2,1.1555,1.900005E-02,8,10,5848,"EURUSD"
315,#1994-04-18#,5,1,1.1256,-2.990007E-02,12,18,5860,"EURUSD"
316,#1994-05-03#,5,2,1.1748,4.920006E-02,11,15,5871,"EURUSD"
317,#1994-05-16#,5,1,1.1523,-2.250004E-02,9,13,5880,"EURUSD"
318,#1994-05-26#,5,2,1.1718,1.950002E-02,8,10,5888,"EURUSD"
319,#1994-06-09#,5,1,1.1533,-1.849997E-02,10,14,5898,"EURUSD"
320,#1994-06-27#,5,2,1.2143,6.099999E-02,12,18,5910,"EURUSD"
321,#1994-07-04#,5,1,1.2002,-1.410007E-02,5,7,5915,"EURUSD"
322,#1994-07-12#,5,2,1.2541,.0539,6,8,5921,"EURUSD"
323,#1994-07-22#,5,1,1.2018,-5.229998E-02,8,10,5929,"EURUSD"
324,#1994-08-22#,5,2,1.2419,4.009998E-02,21,31,5950,"EURUSD"
325,#1994-08-29#,5,1,1.2088,-3.310001E-02,5,7,5955,"EURUSD"
326,#1994-10-26#,5,2,1.2778,6.900001E-02,40,58,5995,"EURUSD"
327,#1994-12-23#,5,1,1.2041,-7.369995E-02,41,58,6036,"EURUSD"
328,#1995-01-30#,5,2,1.2564,5.229998E-02,25,38,6061,"EURUSD"
329,#1995-02-07#,5,1,1.2275,-2.890003E-02,6,8,6067,"EURUSD"
330,#1995-03-08#,5,2,1.3351,.1076001,21,29,6088,"EURUSD"
331,#1995-03-24#,5,1,1.2844,-5.070007E-02,12,16,6100,"EURUSD"
332,#1995-04-19#,5,2,1.3525,6.809998E-02,18,26,6118,"EURUSD"
333,#1995-05-01#,5,1,1.316,-3.649998E-02,8,12,6126,"EURUSD"
334,#1995-05-08#,5,2,1.344,.028,5,7,6131,"EURUSD"
335,#1995-05-18#,5,1,1.265,-.079,8,10,6139,"EURUSD"
336,#1995-07-06#,5,2,1.3377,7.270002E-02,35,49,6174,"EURUSD"
337,#1995-07-13#,5,1,1.3122,-2.550006E-02,5,7,6179,"EURUSD"
338,#1995-08-01#,5,2,1.352,3.980005E-02,13,19,6192,"EURUSD"
339,#1995-09-14#,5,1,1.2501,-.1019,32,44,6224,"EURUSD"
340,#1995-09-22#,5,2,1.3096,5.949998E-02,6,8,6230,"EURUSD"
341,#1995-10-06#,5,1,1.28,-2.960002E-02,10,14,6240,"EURUSD"
342,#1995-10-23#,5,2,1.3208,4.079998E-02,11,17,6251,"EURUSD"
343,#1995-11-03#,5,1,1.2872,-3.359997E-02,9,11,6260,"EURUSD"
344,#1995-11-17#,5,2,1.3085,2.130008E-02,10,14,6270,"EURUSD"
345,#1995-12-13#,5,1,1.2594,-4.910004E-02,18,26,6288,"EURUSD"
346,#1996-01-11#,5,2,1.2966,3.719997E-02,19,29,6307,"EURUSD"
347,#1996-01-29#,5,1,1.2238,-7.280004E-02,12,18,6319,"EURUSD"
348,#1996-02-27#,5,2,1.2727,4.890001E-02,21,29,6340,"EURUSD"
349,#1996-03-08#,5,1,1.2455,-2.719998E-02,8,10,6348,"EURUSD"
350,#1996-03-15#,5,2,1.261,1.550007E-02,5,7,6353,"EURUSD"
351,#1996-05-22#,5,1,1.2185,-4.250002E-02,48,68,6401,"EURUSD"
352,#1996-06-03#,5,2,1.2415,.023,8,12,6409,"EURUSD"
353,#1996-06-10#,5,1,1.229,-1.250005E-02,5,7,6414,"EURUSD"
354,#1996-06-18#,5,2,1.2498,2.079999E-02,6,8,6420,"EURUSD"
355,#1996-06-25#,5,1,1.2325,-1.730001E-02,5,7,6425,"EURUSD"
356,#1996-07-31#,5,2,1.2832,5.070007E-02,26,36,6451,"EURUSD"
357,#1996-10-03#,5,1,1.244,-3.920007E-02,46,64,6497,"EURUSD"
358,#1996-10-30#,5,2,1.2726,.0286001,19,27,6516,"EURUSD"
359,#1996-11-06#,5,1,1.2579,-1.470006E-02,5,7,6521,"EURUSD"
360,#1996-11-20#,5,2,1.2857,2.779996E-02,10,14,6531,"EURUSD"
361,#1996-12-19#,5,1,1.23,-5.569994E-02,21,29,6552,"EURUSD"
362,#1996-12-31#,5,2,1.2562,2.619994E-02,8,12,6560,"EURUSD"
363,#1997-03-07#,5,1,1.1288,-.1273999,47,66,6607,"EURUSD"
364,#1997-04-03#,5,2,1.168,3.919995E-02,19,27,6626,"EURUSD"
365,#1997-04-28#,5,1,1.1223,-4.569995E-02,17,25,6643,"EURUSD"
366,#1997-05-21#,5,2,1.1663,4.400003E-02,17,23,6660,"EURUSD"
367,#1997-08-06#,5,1,1.0414,-.1249001,55,77,6715,"EURUSD"
368,#1997-09-15#,5,2,1.1149,7.350004E-02,28,40,6743,"EURUSD"
369,#1997-09-23#,5,1,1.0891,-2.579999E-02,6,8,6749,"EURUSD"
370,#1997-10-09#,5,2,1.1286,.0395,12,16,6761,"EURUSD"
371,#1997-10-22#,5,1,1.1,-2.859998E-02,9,13,6770,"EURUSD"
372,#1997-11-11#,5,2,1.163,6.299996E-02,14,20,6784,"EURUSD"
373,#1998-01-19#,5,1,1.07,-9.299994E-02,48,69,6832,"EURUSD"
374,#1998-01-26#,5,2,1.1191,4.909992E-02,5,7,6837,"EURUSD"
375,#1998-04-03#,5,1,1.0695,-4.960001E-02,49,67,6886,"EURUSD"
376,#1998-04-22#,5,2,1.1088,3.930008E-02,13,19,6899,"EURUSD"
377,#1998-04-29#,5,1,1.0954,-1.340008E-02,5,7,6904,"EURUSD"
378,#1998-05-07#,5,2,1.1194,2.400005E-02,6,8,6910,"EURUSD"
379,#1998-07-09#,5,1,1.0785,-4.089999E-02,45,63,6955,"EURUSD"
380,#1998-07-30#,5,2,1.1165,3.799999E-02,15,21,6970,"EURUSD"
381,#1998-08-17#,5,1,1.0872,-2.929997E-02,12,18,6982,"EURUSD"
382,#1998-10-08#,5,2,1.2402,.153,38,52,7020,"EURUSD"
383,#1998-11-27#,5,1,1.1455,-.0947001,36,50,7056,"EURUSD"
384,#1998-12-14#,5,2,1.1953,4.980004E-02,11,17,7067,"EURUSD"
385,#1999-03-05#,5,1,1.078,-.1173,57,81,7124,"EURUSD"
386,#1999-03-18#,5,2,1.1067,2.869999E-02,9,13,7133,"EURUSD"
387,#1999-03-29#,5,1,1.0678,-.0388999,7,11,7140,"EURUSD"
388,#1999-04-08#,5,2,1.0883,2.049994E-02,8,10,7148,"EURUSD"
389,#1999-04-30#,5,1,1.0537,-3.460002E-02,16,22,7164,"EURUSD"
390,#1999-05-10#,5,2,1.0841,3.040004E-02,6,10,7170,"EURUSD"
391,#1999-07-13#,5,1,1.0104,-7.369995E-02,46,64,7216,"EURUSD"
392,#1999-08-05#,5,2,1.0826,7.219994E-02,17,23,7233,"EURUSD"
393,#1999-08-24#,5,1,1.039,-4.359996E-02,13,19,7246,"EURUSD"
394,#1999-09-02#,5,2,1.073,3.399992E-02,7,9,7253,"EURUSD"
395,#1999-09-15#,5,1,1.0283,-4.469991E-02,9,13,7262,"EURUSD"
396,#1999-10-15#,5,2,1.0911,6.279993E-02,22,30,7284,"EURUSD"
397,#1999-12-06#,5,1,.9986,-9.249997E-02,36,52,7320,"EURUSD"
398,#2000-01-06#,5,2,1.0414,4.279995E-02,23,31,7343,"EURUSD"
399,#2000-02-01#,5,1,.966,-7.539994E-02,18,26,7361,"EURUSD"
400,#2000-02-23#,5,2,1.0089,4.290003E-02,16,22,7377,"EURUSD"
401,#2000-05-04#,5,1,.8844,-.1245,51,71,7428,"EURUSD"
402,#2000-05-12#,5,2,.9199,3.549999E-02,6,8,7434,"EURUSD"
403,#2000-05-19#,5,1,.8843,-3.560001E-02,5,7,7439,"EURUSD"
404,#2000-06-08#,5,2,.9701,8.579999E-02,14,20,7453,"EURUSD"
405,#2000-07-19#,5,1,.9188,-5.129999E-02,29,41,7482,"EURUSD"
406,#2000-07-26#,5,2,.9448,2.600002E-02,5,7,7487,"EURUSD"
407,#2000-08-09#,5,1,.8959,-4.890001E-02,10,14,7497,"EURUSD"
408,#2000-08-18#,5,2,.9185,.0226,7,9,7504,"EURUSD"
409,#2000-10-26#,5,1,.8225,-9.600002E-02,49,69,7553,"EURUSD"
410,#2000-11-03#,5,2,.8796,.0571,6,8,7559,"EURUSD"
411,#2000-11-23#,5,1,.837,-4.259998E-02,14,20,7573,"EURUSD"
412,#2001-01-05#,5,2,.9595,.1225,31,43,7604,"EURUSD"
413,#2001-01-25#,5,1,.9109,-4.860002E-02,14,20,7618,"EURUSD"
414,#2001-02-01#,5,2,.9445,3.360003E-02,5,7,7623,"EURUSD"
415,#2001-02-22#,5,1,.9013,-4.320002E-02,15,21,7638,"EURUSD"
416,#2001-03-02#,5,2,.938,3.670001E-02,6,8,7644,"EURUSD"
417,#2001-07-06#,5,1,.8352,-.1028,90,126,7734,"EURUSD"
418,#2001-08-22#,5,2,.9237,8.849996E-02,33,47,7767,"EURUSD"
419,#2001-09-06#,5,1,.8825,-4.119998E-02,11,15,7778,"EURUSD"
420,#2001-09-17#,5,2,.9327,5.019999E-02,7,11,7785,"EURUSD"
421,#2001-10-01#,5,1,.9065,-.0262,10,14,7795,"EURUSD"
422,#2001-10-08#,5,2,.9235,1.700002E-02,5,7,7800,"EURUSD"
423,#2001-10-23#,5,1,.887,-3.649998E-02,11,15,7811,"EURUSD"
424,#2001-11-01#,5,2,.9109,2.389997E-02,7,9,7818,"EURUSD"
425,#2001-11-23#,5,1,.875,-.0359,16,22,7834,"EURUSD"
426,#2001-12-17#,5,2,.9074,3.240001E-02,15,24,7849,"EURUSD"
427,#2001-12-24#,5,1,.8746,-3.280002E-02,5,7,7854,"EURUSD"
428,#2002-01-02#,5,2,.9062,.0316,6,9,7860,"EURUSD"
429,#2002-02-01#,5,1,.8566,-4.960001E-02,22,30,7882,"EURUSD"
430,#2002-02-11#,5,2,.8796,.023,6,10,7888,"EURUSD"
431,#2002-02-26#,5,1,.862,-.0176,11,15,7899,"EURUSD"
432,#2002-03-15#,5,2,.8857,.0237,13,17,7912,"EURUSD"
433,#2002-03-28#,5,1,.87,-1.569998E-02,9,13,7921,"EURUSD"
434,#2002-05-07#,5,2,.9186,4.860002E-02,28,40,7949,"EURUSD"
435,#2002-05-15#,5,1,.8994,-1.920003E-02,6,8,7955,"EURUSD"
436,#2002-06-28#,5,2,.9985,9.909999E-02,31,44,7986,"EURUSD"
437,#2002-07-05#,5,1,.972,-2.649999E-02,5,7,7991,"EURUSD"
438,#2002-07-19#,5,2,1.0176,4.560006E-02,10,14,8001,"EURUSD"
439,#2002-08-06#,5,1,.9626,-5.500007E-02,12,18,8013,"EURUSD"
440,#2002-08-14#,5,2,.9888,.0262,6,8,8019,"EURUSD"
441,#2002-08-23#,5,1,.9664,-2.239996E-02,7,9,8026,"EURUSD"
442,#2002-09-05#,5,2,.9986,3.219998E-02,9,13,8035,"EURUSD"
443,#2002-09-17#,5,1,.9612,-3.740001E-02,8,12,8043,"EURUSD"
444,#2002-10-10#,5,2,.9917,3.049999E-02,17,23,8060,"EURUSD"
445,#2002-10-21#,5,1,.9688,-2.289999E-02,7,11,8067,"EURUSD"
446,#2002-11-11#,5,2,1.0167,4.790002E-02,15,21,8082,"EURUSD"
447,#2002-12-02#,5,1,.986,-3.070003E-02,15,21,8097,"EURUSD"
448,#2003-01-27#,5,2,1.0905,.1045,40,56,8137,"EURUSD"
449,#2003-02-11#,5,1,1.0669,-2.359998E-02,11,15,8148,"EURUSD"
450,#2003-03-11#,5,2,1.1082,4.129994E-02,20,28,8168,"EURUSD"
451,#2003-03-21#,5,1,1.0505,-5.769992E-02,8,10,8176,"EURUSD"
452,#2003-05-27#,5,2,1.1929,.1423999,47,67,8223,"EURUSD"
453,#2003-06-05#,5,1,1.1627,-3.019989E-02,7,9,8230,"EURUSD"
454,#2003-06-16#,5,2,1.1923,2.959991E-02,7,11,8237,"EURUSD"
455,#2003-07-16#,5,1,1.112,-8.029997E-02,22,30,8259,"EURUSD"
456,#2003-07-25#,5,2,1.1548,4.280007E-02,7,9,8266,"EURUSD"
457,#2003-09-03#,5,1,1.0762,-7.860005E-02,28,40,8294,"EURUSD"
458,#2003-10-09#,5,2,1.1855,.1093,26,36,8320,"EURUSD"
459,#2003-10-17#,5,1,1.155,-3.050005E-02,6,8,8326,"EURUSD"
460,#2003-10-24#,5,2,1.1853,3.030002E-02,5,7,8331,"EURUSD"
461,#2003-11-07#,5,1,1.1382,-4.709995E-02,10,14,8341,"EURUSD"
462,#2004-01-12#,5,2,1.2893,.1510999,44,66,8385,"EURUSD"
463,#2004-01-19#,5,1,1.2334,-5.589998E-02,5,7,8390,"EURUSD"
464,#2004-02-18#,5,2,1.2923,.0589,22,30,8412,"EURUSD"
465,#2004-04-26#,5,1,1.1759,-.1164,48,68,8460,"EURUSD"
466,#2004-05-05#,5,2,1.2179,4.200006E-02,7,9,8467,"EURUSD"
467,#2004-05-13#,5,1,1.1777,-.0402,6,8,8473,"EURUSD"
468,#2004-07-19#,5,2,1.246,6.830001E-02,47,67,8520,"EURUSD"
469,#2004-08-04#,5,1,1.1969,-4.910004E-02,12,16,8532,"EURUSD"
470,#2004-08-17#,5,2,1.2385,4.159999E-02,9,13,8541,"EURUSD"
471,#2004-08-30#,5,1,1.1986,-3.989995E-02,9,13,8550,"EURUSD"
472,#2004-09-30#,5,2,1.2441,4.549992E-02,23,31,8573,"EURUSD"
473,#2004-10-13#,5,1,1.2227,-2.139997E-02,9,13,8582,"EURUSD"
474,#2004-12-30#,5,2,1.3664,.1437,56,78,8638,"EURUSD"
475,#2005-01-20#,5,1,1.2922,-7.420003E-02,15,21,8653,"EURUSD"
476,#2005-01-27#,5,2,1.3123,.0201,5,7,8658,"EURUSD"
477,#2005-02-08#,5,1,1.2731,-3.919995E-02,8,12,8666,"EURUSD"
478,#2005-03-11#,5,2,1.3477,7.459998E-02,23,31,8689,"EURUSD"
479,#2005-04-05#,5,1,1.2799,-6.780005E-02,17,25,8706,"EURUSD"
480,#2005-04-21#,5,2,1.3121,.0322001,12,16,8718,"EURUSD"
481,#2005-06-01#,5,1,1.2158,-9.630001E-02,29,41,8747,"EURUSD"
482,#2005-06-08#,5,2,1.2349,1.909995E-02,5,7,8752,"EURUSD"
483,#2005-07-05#,5,1,1.1867,-4.820001E-02,19,27,8771,"EURUSD"
484,#2005-07-12#,5,2,1.2253,3.859997E-02,5,7,8776,"EURUSD"
485,#2005-07-19#,5,1,1.1954,-2.989995E-02,5,7,8781,"EURUSD"
486,#2005-08-12#,5,2,1.2484,5.299997E-02,18,24,8799,"EURUSD"
487,#2005-08-19#,5,1,1.2127,-3.569996E-02,5,7,8804,"EURUSD"
488,#2005-09-02#,5,2,1.2588,4.610002E-02,10,14,8814,"EURUSD"
489,#2005-10-19#,5,1,1.1874,-7.140005E-02,33,47,8847,"EURUSD"
490,#2005-10-27#,5,2,1.2172,2.980006E-02,6,8,8853,"EURUSD"
491,#2005-11-17#,5,1,1.1641,-5.309999E-02,15,21,8868,"EURUSD"
492,#2005-12-14#,5,2,1.2059,.0417999,19,27,8887,"EURUSD"
493,#2005-12-21#,5,1,1.18,-2.590001E-02,5,7,8892,"EURUSD"
494,#2006-01-25#,5,2,1.2322,5.220008E-02,25,35,8917,"EURUSD"
495,#2006-02-27#,5,1,1.1824,-4.980004E-02,23,33,8940,"EURUSD"
496,#2006-03-17#,5,2,1.2206,3.820002E-02,14,18,8954,"EURUSD"
497,#2006-03-24#,5,1,1.1951,-2.550006E-02,5,7,8959,"EURUSD"
498,#2006-05-15#,5,2,1.2971,.102,36,52,8995,"EURUSD"
499,#2006-05-22#,5,1,1.2695,-2.759993E-02,5,7,9000,"EURUSD"
500,#2006-06-05#,5,2,1.2977,2.820003E-02,10,14,9010,"EURUSD"
501,#2006-06-13#,5,1,1.253,-4.470003E-02,6,8,9016,"EURUSD"
502,#2006-07-07#,5,2,1.2855,3.250003E-02,18,24,9034,"EURUSD"
503,#2006-07-19#,5,1,1.2462,-3.930008E-02,8,12,9042,"EURUSD"
504,#2006-08-21#,5,2,1.2937,4.750001E-02,23,33,9065,"EURUSD"
505,#2006-10-13#,5,1,1.2484,-4.530001E-02,39,53,9104,"EURUSD"
506,#2006-11-10#,5,2,1.2897,4.130006E-02,20,28,9124,"EURUSD"
507,#2006-11-17#,5,1,1.2761,-1.359999E-02,5,7,9129,"EURUSD"
508,#2006-12-05#,5,2,1.3362,6.009996E-02,12,18,9141,"EURUSD"
509,#2006-12-18#,5,1,1.3053,-.0309,9,13,9150,"EURUSD"
510,#2007-01-02#,5,2,1.3294,2.409995E-02,9,15,9159,"EURUSD"
511,#2007-01-12#,5,1,1.2868,-4.259992E-02,8,10,9167,"EURUSD"
512,#2007-04-30#,5,2,1.3675,8.069992E-02,76,108,9243,"EURUSD"
513,#2007-06-13#,5,1,1.3262,-4.129994E-02,32,44,9275,"EURUSD"
514,#2007-07-24#,5,2,1.3849,5.869997E-02,29,41,9304,"EURUSD"
515,#2007-08-17#,5,1,1.337,-4.789996E-02,18,24,9322,"EURUSD"
516,#2007-10-01#,5,2,1.4281,9.109998E-02,31,45,9353,"EURUSD"
517,#2007-10-09#,5,1,1.4013,-2.680004E-02,6,8,9359,"EURUSD"
518,#2007-11-23#,5,2,1.4964,9.510005E-02,33,45,9392,"EURUSD"
519,#2007-12-20#,5,1,1.4309,-6.550002E-02,19,27,9411,"EURUSD"
520,#2008-01-15#,5,2,1.4919,6.099999E-02,17,26,9428,"EURUSD"
521,#2008-01-22#,5,1,1.4369,-5.499995E-02,5,7,9433,"EURUSD"
522,#2008-03-17#,5,2,1.5901,.1532,39,55,9472,"EURUSD"
523,#2008-03-24#,5,1,1.534,-5.610001E-02,5,7,9477,"EURUSD"
524,#2008-04-22#,5,2,1.6015,.0675,21,29,9498,"EURUSD"
525,#2008-05-08#,5,1,1.5284,-7.310009E-02,12,16,9510,"EURUSD"
526,#2008-05-27#,5,2,1.5816,5.320001E-02,13,19,9523,"EURUSD"
527,#2008-06-13#,5,1,1.5303,-5.129993E-02,13,17,9536,"EURUSD"
528,#2008-07-15#,5,2,1.6038,7.350004E-02,22,32,9558,"EURUSD"
529,#2008-09-11#,5,1,1.3884,-.2154001,42,58,9600,"EURUSD"
530,#2008-09-22#,5,2,1.4865,9.810007E-02,7,11,9607,"EURUSD"
531,#2008-10-28#,5,1,1.233,-.2535,26,36,9633,"EURUSD"
532,#2008-12-18#,5,2,1.4717,.2386999,37,51,9670,"EURUSD"
533,#2009-02-02#,5,1,1.2706,-.2011,30,46,9700,"EURUSD"
534,#2009-02-09#,5,2,1.309,3.840005E-02,5,7,9705,"EURUSD"
535,#2009-03-04#,5,1,1.2457,-6.330001E-02,17,23,9722,"EURUSD"
536,#2009-03-19#,5,2,1.3735,.1278,11,15,9733,"EURUSD"
537,#2009-03-30#,5,1,1.3114,-6.209993E-02,7,11,9740,"EURUSD"
538,#2009-04-06#,5,2,1.3581,.0467,5,7,9745,"EURUSD"
539,#2009-04-22#,5,1,1.2891,-6.900001E-02,12,16,9757,"EURUSD"
540,#2009-06-03#,5,2,1.4336,.1444999,30,42,9787,"EURUSD"
541,#2009-06-16#,5,1,1.3748,-5.879998E-02,9,13,9796,"EURUSD"
542,#2009-07-01#,5,2,1.42,4.519999E-02,11,15,9807,"EURUSD"
543,#2009-07-08#,5,1,1.3832,-3.679991E-02,5,7,9812,"EURUSD"
544,#2009-08-05#,5,2,1.4446,6.139994E-02,20,28,9832,"EURUSD"
545,#2009-08-17#,5,1,1.4045,-4.009998E-02,8,12,9840,"EURUSD"
546,#2009-09-23#,5,2,1.4843,7.980001E-02,27,37,9867,"EURUSD"
547,#2009-10-02#,5,1,1.4482,-3.610003E-02,7,9,9874,"EURUSD"
548,#2009-10-26#,5,2,1.506,5.780005E-02,16,24,9890,"EURUSD"
549,#2009-11-03#,5,1,1.4626,-4.340005E-02,6,8,9896,"EURUSD"
550,#2009-11-11#,5,2,1.5047,4.209995E-02,6,8,9902,"EURUSD"
551,#2009-12-22#,5,1,1.4217,-8.299994E-02,29,41,9931,"EURUSD"
552,#2010-01-13#,5,2,1.4579,3.620005E-02,14,22,9945,"EURUSD"
553,#2010-03-02#,5,1,1.3436,-.1143,34,48,9979,"EURUSD"
554,#2010-03-17#,5,2,1.3816,3.799999E-02,11,15,9990,"EURUSD"
555,#2010-03-25#,5,1,1.3267,-5.490005E-02,6,8,9996,"EURUSD"
556,#2010-04-12#,5,2,1.369,4.229999E-02,12,18,10008,"EURUSD"
557,#2010-06-07#,5,1,1.1876,-.1813999,40,56,10048,"EURUSD"
558,#2010-06-21#,5,2,1.2466,5.900002E-02,10,14,10058,"EURUSD"
559,#2010-06-29#,5,1,1.2152,-3.140008E-02,6,8,10064,"EURUSD"
560,#2010-08-06#,5,2,1.3332,.118,28,38,10092,"EURUSD"
561,#2010-08-24#,5,1,1.2587,-7.449996E-02,12,18,10104,"EURUSD"
562,#2010-11-04#,5,2,1.4281,.1694,52,72,10156,"EURUSD"
563,#2010-11-30#,5,1,1.2969,-.1312,18,26,10174,"EURUSD"
564,#2010-12-14#,5,2,1.3495,5.259991E-02,10,14,10184,"EURUSD"
565,#2010-12-23#,5,1,1.3055,-4.399991E-02,7,9,10191,"EURUSD"
566,#2011-02-02#,5,2,1.3861,8.060002E-02,29,41,10220,"EURUSD"
567,#2011-02-14#,5,1,1.3428,-4.330003E-02,8,12,10228,"EURUSD"
568,#2011-05-04#,5,2,1.494,.1511999,57,79,10285,"EURUSD"
569,#2011-05-23#,5,1,1.397,-.097,13,19,10298,"EURUSD"
570,#2011-06-07#,5,2,1.4696,7.260001E-02,11,15,10309,"EURUSD"
571,#2011-06-16#,5,1,1.4074,-6.219995E-02,7,9,10316,"EURUSD"
572,#2011-07-04#,5,2,1.4573,4.989994E-02,12,18,10328,"EURUSD"
573,#2011-07-12#,5,1,1.3838,-7.349992E-02,6,8,10334,"EURUSD"
574,#2011-07-27#,5,2,1.4536,6.980002E-02,11,15,10345,"EURUSD"
575,#2011-08-05#,5,1,1.4055,-4.809999E-02,7,9,10352,"EURUSD"
576,#2011-08-29#,5,2,1.4549,4.939997E-02,16,24,10368,"EURUSD"
577,#2011-10-04#,5,1,1.3146,-.1403,26,36,10394,"EURUSD"
578,#2011-10-27#,5,2,1.4246,.11,17,23,10411,"EURUSD"
579,#2011-11-25#,5,1,1.3213,-.1033,21,29,10432,"EURUSD"
580,#2011-12-02#,5,2,1.3547,3.339994E-02,5,7,10437,"EURUSD"
581,#2011-12-14#,5,1,1.2946,-6.009996E-02,8,12,10445,"EURUSD"
582,#2011-12-21#,5,2,1.3196,2.499998E-02,5,7,10450,"EURUSD"
583,#2012-01-13#,5,1,1.2624,-5.719995E-02,17,23,10467,"EURUSD"
584,#2012-02-09#,5,2,1.3321,.0697,19,27,10486,"EURUSD"
585,#2012-02-16#,5,1,1.2975,-3.460002E-02,5,7,10491,"EURUSD"
586,#2012-02-24#,5,2,1.3486,5.110002E-02,6,8,10497,"EURUSD"
587,#2012-03-15#,5,1,1.3004,-4.820001E-02,14,20,10511,"EURUSD"
588,#2012-03-27#,5,2,1.3385,.0381,8,12,10519,"EURUSD"
589,#2012-04-16#,5,1,1.2995,-3.900003E-02,14,20,10533,"EURUSD"
590,#2012-05-01#,5,2,1.3279,2.840006E-02,11,15,10544,"EURUSD"
591,#2012-06-01#,5,1,1.2288,-9.909999E-02,23,31,10567,"EURUSD"
592,#2012-06-18#,5,2,1.2746,4.579997E-02,11,17,10578,"EURUSD"
593,#2012-07-24#,5,1,1.2041,-7.050002E-02,26,36,10604,"EURUSD"
594,#2012-09-17#,5,2,1.3169,.1128,39,55,10643,"EURUSD"
595,#2012-10-01#,5,1,1.2802,-3.670001E-02,10,14,10653,"EURUSD"
596,#2012-10-17#,5,2,1.3138,3.359997E-02,12,16,10665,"EURUSD"
597,#2012-11-13#,5,1,1.2661,-4.769993E-02,19,27,10684,"EURUSD"
598,#2012-12-19#,5,2,1.3307,6.459999E-02,26,36,10710,"EURUSD"
599,#2013-01-04#,5,1,1.2997,-3.100002E-02,10,16,10720,"EURUSD"
600,#2013-02-01#,5,2,1.3709,7.120001E-02,20,28,10740,"EURUSD"
601,#2013-03-27#,5,1,1.2751,-9.580004E-02,38,54,10778,"EURUSD"
602,#2013-04-16#,5,2,1.3199,4.480004E-02,14,20,10792,"EURUSD"
603,#2013-04-24#,5,1,1.2954,-2.450001E-02,6,8,10798,"EURUSD"
604,#2013-05-01#,5,2,1.3241,2.869999E-02,5,7,10803,"EURUSD"
605,#2013-05-17#,5,1,1.2796,-4.449999E-02,12,16,10815,"EURUSD"
606,#2013-06-18#,5,2,1.3415,6.190002E-02,22,32,10837,"EURUSD"
607,#2013-07-09#,5,1,1.2756,-6.590009E-02,15,21,10852,"EURUSD"
608,#2013-08-08#,5,2,1.34,6.440008E-02,22,30,10874,"EURUSD"
609,#2013-09-06#,5,1,1.3105,-2.950001E-02,21,29,10895,"EURUSD"
610,#2013-10-03#,5,2,1.3645,5.400002E-02,19,27,10914,"EURUSD"
611,#2013-10-16#,5,1,1.3473,-1.719999E-02,9,13,10923,"EURUSD"
612,#2013-10-25#,5,2,1.3831,3.579998E-02,7,9,10930,"EURUSD"
613,#2013-11-07#,5,1,1.3295,-5.360007E-02,9,13,10939,"EURUSD"
614,#2013-12-11#,5,2,1.381,5.150008E-02,24,34,10963,"EURUSD"
615,#2014-02-03#,5,1,1.3477,-3.330004E-02,36,54,10999,"EURUSD"
616,#2014-02-19#,5,2,1.3773,2.960002E-02,12,16,11011,"EURUSD"
617,#2014-02-27#,5,1,1.3643,-1.300001E-02,6,8,11017,"EURUSD"
618,#2014-03-13#,5,2,1.3966,.0323,10,14,11027,"EURUSD"
619,#2014-04-04#,5,1,1.3673,-2.929997E-02,16,22,11043,"EURUSD"
620,#2014-04-11#,5,2,1.3904,2.310002E-02,5,7,11048,"EURUSD"
621,#2014-04-30#,5,1,1.3774,-1.300001E-02,13,19,11061,"EURUSD"
622,#2014-05-08#,5,2,1.3993,2.189994E-02,6,8,11067,"EURUSD"
623,#2014-05-29#,5,1,1.3586,-4.069996E-02,15,21,11082,"EURUSD"
624,#2014-07-01#,5,2,1.37,1.139998E-02,23,33,11105,"EURUSD"
625,#2014-09-09#,5,1,1.2859,-8.410001E-02,50,70,11155,"EURUSD"
626,#2014-09-16#,5,2,1.2994,1.349998E-02,5,7,11160,"EURUSD"
627,#2014-10-03#,5,1,1.2501,-4.929996E-02,13,17,11173,"EURUSD"
628,#2014-10-15#,5,2,1.2885,3.839993E-02,8,12,11181,"EURUSD"
629,#2014-11-07#,5,1,1.2358,-5.269992E-02,17,23,11198,"EURUSD"
630,#2014-11-19#,5,2,1.2598,2.399993E-02,8,12,11206,"EURUSD"
631,#2014-12-08#,5,1,1.2246,-.0352,13,19,11219,"EURUSD"
632,#2014-12-16#,5,2,1.2568,.0322001,6,8,11225,"EURUSD"
633,#2015-01-26#,5,1,1.1097,-.1471001,27,41,11252,"EURUSD"
634,#2015-02-03#,5,2,1.1531,4.340005E-02,6,8,11258,"EURUSD"
635,#2015-03-13#,5,1,1.0461,-.107,28,38,11286,"EURUSD"
636,#2015-03-26#,5,2,1.1052,5.910003E-02,9,13,11295,"EURUSD"
637,#2015-04-13#,5,1,1.0521,-5.310011E-02,12,18,11307,"EURUSD"
638,#2015-05-15#,5,2,1.1466,9.450006E-02,24,32,11331,"EURUSD"
639,#2015-05-27#,5,1,1.082,-6.459999E-02,8,12,11339,"EURUSD"
640,#2015-06-18#,5,2,1.1436,6.159997E-02,16,22,11355,"EURUSD"
641,#2015-07-20#,5,1,1.0809,-6.270003E-02,22,32,11377,"EURUSD"
642,#2015-07-27#,5,2,1.1128,3.190005E-02,5,7,11382,"EURUSD"
643,#2015-08-05#,5,1,1.0848,-.028,7,9,11389,"EURUSD"
644,#2015-08-12#,5,2,1.1213,3.649998E-02,5,7,11394,"EURUSD"
645,#2015-12-03#,5,1,1.05266,-6.863999E-02,81,113,11475,"EURUSD"
646,#2015-12-15#,5,2,1.106,5.333996E-02,8,12,11483,"EURUSD"
647,#2016-01-05#,5,1,1.07108,-3.491998E-02,13,21,11496,"EURUSD"
648,#2016-02-11#,5,2,1.13753,.06645,27,37,11523,"EURUSD"
649,#2016-03-02#,5,1,1.08256,-5.497003E-02,14,20,11537,"EURUSD"
650,#2016-03-17#,5,2,1.13423,5.167007E-02,11,15,11548,"EURUSD"
651,#2016-03-24#,5,1,1.11459,-1.963997E-02,5,7,11553,"EURUSD"
652,#2016-04-12#,5,2,1.14647,.0318799,12,19,11565,"EURUSD"
653,#2016-04-22#,5,1,1.12187,-2.459991E-02,8,10,11573,"EURUSD"
654,#2016-05-03#,5,2,1.16146,.03959,7,11,11580,"EURUSD"
655,#2016-05-30#,5,1,1.10981,-5.165005E-02,19,27,11599,"EURUSD"
656,#2016-06-09#,5,2,1.14155,3.173995E-02,8,10,11607,"EURUSD"
657,#2016-06-16#,5,1,1.11312,-2.842999E-02,5,7,11612,"EURUSD"
658,#2016-06-23#,5,2,1.14216,.0290401,5,7,11617,"EURUSD"
659,#2016-10-25#,5,1,1.08513,-5.703008E-02,88,124,11705,"EURUSD"
660,#2016-11-09#,5,2,1.12962,4.448998E-02,11,15,11716,"EURUSD"
661,#2016-11-24#,5,1,1.05192,-.0776999,11,15,11727,"EURUSD"
662,#2016-12-08#,5,2,1.08738,.03546,10,14,11737,"EURUSD"
663,#2016-12-20#,5,1,1.03524,-.05214,8,12,11745,"EURUSD"
664,#2017-02-02#,5,2,1.08285,4.760993E-02,31,44,11776,"EURUSD"
665,#2017-02-22#,5,1,1.04938,-3.347003E-02,14,20,11790,"EURUSD"
666,#2017-03-27#,5,2,1.09054,4.116011E-02,23,33,11813,"EURUSD"
667,#2017-04-10#,5,1,1.05704,-3.350008E-02,10,14,11823,"EURUSD"
668,#2017-05-23#,5,2,1.12676,6.972003E-02,31,43,11854,"EURUSD"
669,#2017-05-30#,5,1,1.11101,-1.575005E-02,5,7,11859,"EURUSD"
670,#2017-08-02#,5,2,1.19101,8.000004E-02,46,64,11905,"EURUSD"
671,#2017-08-17#,5,1,1.16629,-2.471995E-02,11,15,11916,"EURUSD"
672,#2017-09-08#,5,2,1.20924,4.294991E-02,16,22,11932,"EURUSD"
673,#2017-10-27#,5,1,1.15747,-5.176997E-02,35,49,11967,"EURUSD"
674,#2017-11-27#,5,2,1.19612,3.865004E-02,21,31,11988,"EURUSD"
675,#2017-12-12#,5,1,1.17177,-2.435005E-02,11,15,11999,"EURUSD"
676,#2018-01-25#,5,2,1.25367,.0819,30,44,12029,"EURUSD"
677,#2018-02-09#,5,1,1.22059,-3.307998E-02,11,15,12040,"EURUSD"
678,#2018-02-16#,5,2,1.25554,3.495002E-02,5,7,12045,"EURUSD"
679,#2018-03-01#,5,1,1.2155,-4.004002E-02,9,13,12054,"EURUSD"
680,#2018-03-08#,5,2,1.24459,2.909005E-02,5,7,12059,"EURUSD"
681,#2018-03-20#,5,1,1.22401,-2.058005E-02,8,12,12067,"EURUSD"
682,#2018-03-27#,5,2,1.24763,2.362001E-02,5,7,12072,"EURUSD"
683,#2018-04-06#,5,1,1.22159,-2.603996E-02,8,10,12080,"EURUSD"
684,#2018-04-17#,5,2,1.24135,1.976001E-02,7,11,12087,"EURUSD"
685,#2018-05-29#,5,1,1.15106,-9.029007E-02,30,42,12117,"EURUSD"
686,#2018-06-07#,5,2,1.18398,.03292,7,9,12124,"EURUSD"
687,#2018-06-21#,5,1,1.1509,-3.307998E-02,10,14,12134,"EURUSD"
688,#2018-07-09#,5,2,1.17906,2.815998E-02,12,18,12146,"EURUSD"
689,#2018-08-15#,5,1,1.13012,-4.893994E-02,27,37,12173,"EURUSD"
690,#2018-08-28#,5,2,1.1733,4.317999E-02,9,13,12182,"EURUSD"
691,#2018-09-10#,5,1,1.15278,-2.051997E-02,9,13,12191,"EURUSD"
692,#2018-09-24#,5,2,1.18148,2.869999E-02,10,14,12201,"EURUSD"
693,#2018-10-09#,5,1,1.14324,-3.824008E-02,11,15,12212,"EURUSD"
694,#2018-10-16#,5,2,1.16208,1.884007E-02,5,7,12217,"EURUSD"
695,#2018-10-31#,5,1,1.13022,-3.185999E-02,11,15,12228,"EURUSD"
696,#2019-01-10#,5,2,1.15698,2.675998E-02,49,71,12277,"EURUSD"
697,#2019-01-24#,5,1,1.12895,-2.803004E-02,10,14,12287,"EURUSD"
698,#2019-01-31#,5,2,1.15141,2.245998E-02,5,7,12292,"EURUSD"
699,#2019-02-15#,5,1,1.12345,-2.795994E-02,11,15,12303,"EURUSD"
700,#2019-02-28#,5,2,1.14194,1.848996E-02,9,13,12312,"EURUSD"
701,#2019-03-07#,5,1,1.11766,-2.427995E-02,5,7,12317,"EURUSD"
702,#2019-03-20#,5,2,1.14479,2.713001E-02,9,13,12326,"EURUSD"
703,#2019-04-02#,5,1,1.11841,-2.638006E-02,9,13,12335,"EURUSD"
704,#2019-04-12#,5,2,1.13238,1.397002E-02,8,10,12343,"EURUSD"
705,#2019-05-23#,5,1,1.11085,-2.153003E-02,28,41,12371,"EURUSD"
706,#2019-06-07#,5,2,1.13475,2.390003E-02,11,15,12382,"EURUSD"
707,#2019-06-18#,5,1,1.11816,-.01659,7,11,12389,"EURUSD"
708,#2019-06-25#,5,2,1.1412,2.303994E-02,5,7,12394,"EURUSD"
709,#2019-09-03#,5,1,1.09264,-.0485599,50,70,12444,"EURUSD"
710,#2019-09-13#,5,2,1.11096,1.831996E-02,8,10,12452,"EURUSD"
711,#2019-10-01#,5,1,1.08794,-2.302003E-02,12,18,12464,"EURUSD"
712,#2019-10-21#,5,2,1.11788,2.994001E-02,14,20,12478,"EURUSD"
713,#2019-11-14#,5,1,1.09892,-.01896,18,24,12496,"EURUSD"
714,#2019-11-21#,5,2,1.10968,1.076007E-02,5,7,12501,"EURUSD"
715,#2019-11-29#,5,1,1.0981,-1.158011E-02,6,8,12507,"EURUSD"
716,#2019-12-12#,5,2,1.11994,.0218401,9,13,12516,"EURUSD"
717,#2019-12-20#,5,1,1.10667,-1.327002E-02,6,8,12522,"EURUSD"
718,#2019-12-31#,5,2,1.12391,1.723993E-02,6,11,12528,"EURUSD"
719,#2020-02-20#,5,1,1.0778,-4.610991E-02,36,51,12564,"EURUSD"
720,#2020-03-09#,5,2,1.14935,7.155001E-02,12,18,12576,"EURUSD"
721,#2020-03-20#,5,1,1.06379,-8.556008E-02,9,11,12585,"EURUSD"
722,#2020-03-27#,5,2,1.11467,5.088007E-02,5,7,12590,"EURUSD"
723,#2020-04-06#,5,1,1.07687,-3.780007E-02,6,10,12596,"EURUSD"
724,#2020-04-14#,5,2,1.09909,2.222002E-02,5,8,12601,"EURUSD"
725,#2020-04-24#,5,1,1.07273,-2.636003E-02,8,10,12609,"EURUSD"
726,#2020-06-10#,5,2,1.14217,6.944001E-02,33,47,12642,"EURUSD"
727,#2020-06-19#,5,1,1.11684,-2.532995E-02,7,9,12649,"EURUSD"
728,#2020-09-01#,5,2,1.20101,8.416998E-02,52,74,12701,"EURUSD"
729,#2020-09-25#,5,1,1.16127,-3.973997E-02,18,24,12719,"EURUSD"
730,#2020-10-21#,5,2,1.18805,2.678001E-02,18,26,12737,"EURUSD"
731,#2020-11-04#,5,1,1.16046,-2.759004E-02,10,14,12747,"EURUSD"
732,#2021-01-06#,5,2,1.23492,7.446003E-02,43,63,12790,"EURUSD"
733,#2021-02-05#,5,1,1.19523,-3.969002E-02,22,30,12812,"EURUSD"
734,#2021-02-25#,5,2,1.22428,2.904999E-02,14,20,12826,"EURUSD"
735,#2021-03-31#,5,1,1.17042,-5.385995E-02,24,34,12850,"EURUSD"
736,#2021-05-25#,5,2,1.22665,5.622995E-02,38,55,12888,"EURUSD"
737,#2021-06-18#,5,1,1.18478,-.04187,18,24,12906,"EURUSD"
738,#2021-06-25#,5,2,1.19752,1.274002E-02,5,7,12911,"EURUSD"
739,#2021-07-21#,5,1,1.17521,-2.231002E-02,18,26,12929,"EURUSD"
740,#2021-07-30#,5,2,1.19085,1.564002E-02,7,9,12936,"EURUSD"
741,#2021-08-20#,5,1,1.16642,-2.443004E-02,15,21,12951,"EURUSD"
742,#2021-09-03#,5,2,1.19087,2.445006E-02,10,14,12961,"EURUSD"
743,#2021-10-12#,5,1,1.15247,-3.840005E-02,27,39,12988,"EURUSD"
744,#2021-10-19#,5,2,1.16693,1.445997E-02,5,7,12993,"EURUSD"
745,#2021-11-24#,5,1,1.11865,-.04828,26,36,13019,"EURUSD"
746,#2022-01-14#,5,2,1.14828,2.963006E-02,37,51,13056,"EURUSD"
747,#2022-01-28#,5,1,1.11218,-3.610003E-02,10,14,13066,"EURUSD"
748,#2022-02-10#,5,2,1.14948,3.729999E-02,9,13,13075,"EURUSD"
749,#2022-03-07#,5,1,1.08066,-.06882,17,25,13092,"EURUSD"
750,#2022-03-17#,5,2,1.11374,3.307998E-02,8,10,13100,"EURUSD"
751,#2022-04-28#,5,1,1.04715,-6.658995E-02,29,42,13129,"EURUSD"
752,#2022-05-05#,5,2,1.06414,1.698995E-02,5,7,13134,"EURUSD"
753,#2022-05-13#,5,1,1.03506,-2.907991E-02,6,8,13140,"EURUSD"
754,#2022-05-30#,5,2,1.07871,4.364991E-02,11,17,13151,"EURUSD"
755,#2022-06-15#,5,1,1.03593,-4.277992E-02,12,16,13163,"EURUSD"
756,#2022-06-27#,5,2,1.06149,2.556002E-02,8,12,13171,"EURUSD"
757,#2022-07-14#,5,1,.99527,-6.622005E-02,13,17,13184,"EURUSD"
758,#2022-08-10#,5,2,1.03679,.04152,19,27,13203,"EURUSD"
759,#2022-09-28#,5,1,.95362,-.08317,35,49,13238,"EURUSD"
760,#2022-10-27#,5,2,1.0094,5.577999E-02,21,29,13259,"EURUSD"
761,#2022-11-03#,5,1,.97309,-3.631002E-02,5,7,13264,"EURUSD"
762,#2022-12-15#,5,2,1.07332,.10023,30,42,13294,"EURUSD"
763,#2022-12-22#,5,1,1.05735,-1.596999E-02,5,7,13299,"EURUSD"
764,#2022-12-30#,5,2,1.07132,1.397002E-02,5,8,13304,"EURUSD"
765,#2023-01-06#,5,1,1.04841,-.02291,5,7,13309,"EURUSD"
766,#2023-02-02#,5,2,1.1033,5.488992E-02,19,27,13328,"EURUSD"
767,#2023-02-27#,5,1,1.05332,-4.997993E-02,17,25,13345,"EURUSD"
768,#2023-04-26#,5,2,1.10944,5.611992E-02,42,58,13387,"EURUSD"
